Hopping={}
Hopping[( -2, -2, -2)]=[
[ -0.00005801+  0.00000000j,  0.00009000+  0.00000046j, -0.00004354+ -0.00000019j,  0.00003915+ -0.00000001j,  0.00006417+  0.00000034j, -0.00010576+ -0.00000023j, -0.00001382+ -0.00000008j,  0.00010826+  0.00000182j, -0.00002287+ -0.00000024j,  0.00001568+ -0.00000013j,  0.00001340+ -0.00000006j, -0.00009311+ -0.00000075j] ,
[  0.00009000+ -0.00000046j, -0.00075599+ -0.00000000j, -0.00004475+ -0.00000001j,  0.00001687+ -0.00000018j, -0.00035194+  0.00000026j,  0.00062178+ -0.00000026j, -0.00010707+  0.00000290j, -0.00076907+ -0.00000892j, -0.00007637+  0.00000197j,  0.00000351+ -0.00000021j, -0.00041808+ -0.00000196j,  0.00072963+  0.00000172j] ,
[ -0.00004354+  0.00000019j, -0.00004475+  0.00000001j, -0.00073598+  0.00000000j, -0.00001884+  0.00000015j,  0.00014531+ -0.00000023j, -0.00021500+  0.00000008j,  0.00002315+ -0.00000045j, -0.00007340+  0.00000142j, -0.00075740+ -0.00000201j,  0.00006766+ -0.00000100j,  0.00016809+  0.00000094j, -0.00021921+ -0.00000020j] ,
[  0.00003915+  0.00000001j,  0.00001687+  0.00000018j, -0.00001884+ -0.00000015j, -0.00005802+ -0.00000000j,  0.00009009+  0.00000036j,  0.00004356+  0.00000017j,  0.00001557+ -0.00000038j, -0.00000350+  0.00000022j, -0.00006763+ -0.00000011j, -0.00001377+  0.00000097j,  0.00010828+  0.00000146j,  0.00002330+  0.00000032j] ,
[  0.00006417+ -0.00000034j, -0.00035194+ -0.00000026j,  0.00014531+  0.00000023j,  0.00009009+ -0.00000036j, -0.00075587+  0.00000000j,  0.00004474+  0.00000002j, -0.00001340+  0.00000036j, -0.00041755+ -0.00000565j,  0.00016698+  0.00000178j, -0.00010776+  0.00000160j, -0.00076922+ -0.00000839j,  0.00007396+ -0.00000208j] ,
[ -0.00010576+  0.00000023j,  0.00062178+  0.00000026j, -0.00021500+ -0.00000008j,  0.00004356+ -0.00000017j,  0.00004474+ -0.00000002j, -0.00073607+ -0.00000000j,  0.00009281+ -0.00000259j,  0.00073043+  0.00000931j, -0.00021809+ -0.00000293j, -0.00002362+  0.00000008j,  0.00007580+ -0.00000169j, -0.00075715+ -0.00000315j] ,
[ -0.00001382+  0.00000008j, -0.00010707+ -0.00000290j,  0.00002315+  0.00000045j,  0.00001557+  0.00000038j, -0.00001340+ -0.00000036j,  0.00009281+  0.00000259j, -0.00005779+ -0.00000000j, -0.00008977+ -0.00000349j,  0.00004312+  0.00000147j,  0.00003936+  0.00000057j, -0.00006425+ -0.00000204j,  0.00010506+  0.00000322j] ,
[  0.00010826+ -0.00000182j, -0.00076907+  0.00000892j, -0.00007340+ -0.00000142j, -0.00000350+ -0.00000022j, -0.00041755+  0.00000565j,  0.00073043+ -0.00000931j, -0.00008977+  0.00000349j, -0.00075585+ -0.00000000j, -0.00004468+  0.00000049j, -0.00001664+ -0.00000019j, -0.00035281+  0.00000288j,  0.00062223+ -0.00000650j] ,
[ -0.00002287+  0.00000024j, -0.00007637+ -0.00000197j, -0.00075740+  0.00000201j, -0.00006763+  0.00000011j,  0.00016698+ -0.00000178j, -0.00021809+  0.00000293j,  0.00004312+ -0.00000147j, -0.00004468+ -0.00000049j, -0.00073640+ -0.00000000j,  0.00001865+ -0.00000001j,  0.00014461+ -0.00000055j, -0.00021402+  0.00000215j] ,
[  0.00001568+  0.00000013j,  0.00000351+  0.00000021j,  0.00006766+  0.00000100j, -0.00001377+ -0.00000097j, -0.00010776+ -0.00000160j, -0.00002362+ -0.00000008j,  0.00003936+ -0.00000057j, -0.00001664+  0.00000019j,  0.00001865+  0.00000001j, -0.00005817+ -0.00000000j, -0.00008978+ -0.00000229j, -0.00004337+ -0.00000090j] ,
[  0.00001340+  0.00000006j, -0.00041808+  0.00000196j,  0.00016809+ -0.00000094j,  0.00010828+ -0.00000146j, -0.00076922+  0.00000839j,  0.00007580+  0.00000169j, -0.00006425+  0.00000204j, -0.00035281+ -0.00000288j,  0.00014461+  0.00000055j, -0.00008978+  0.00000229j, -0.00075597+ -0.00000000j,  0.00004480+ -0.00000039j] ,
[ -0.00009311+  0.00000075j,  0.00072963+ -0.00000172j, -0.00021921+  0.00000020j,  0.00002330+ -0.00000032j,  0.00007396+  0.00000208j, -0.00075715+  0.00000315j,  0.00010506+ -0.00000322j,  0.00062223+  0.00000650j, -0.00021402+ -0.00000215j, -0.00004337+  0.00000090j,  0.00004480+  0.00000039j, -0.00073581+  0.00000000j] ]

Hopping[( -2, -2, -1)]=[
[ -0.00006060+  0.00000002j, -0.00009733+ -0.00000013j, -0.00003272+ -0.00000002j,  0.00007834+  0.00000060j,  0.00003394+  0.00000039j,  0.00003739+  0.00000065j, -0.00004636+  0.00000063j, -0.00000471+ -0.00000019j,  0.00001253+  0.00000019j,  0.00002571+ -0.00000021j, -0.00011555+ -0.00000125j, -0.00000764+ -0.00000043j] ,
[ -0.00009743+  0.00000005j,  0.00007938+ -0.00000000j, -0.00002800+  0.00000008j,  0.00012852+ -0.00000050j, -0.00070437+ -0.00000047j, -0.00029049+ -0.00000070j,  0.00005789+ -0.00000162j,  0.00002735+  0.00000046j, -0.00007512+ -0.00000037j, -0.00011285+  0.00000113j, -0.00071568+ -0.00000950j, -0.00032471+ -0.00000411j] ,
[ -0.00003262+  0.00000006j, -0.00002805+ -0.00000006j,  0.00007057+  0.00000001j,  0.00021116+ -0.00000038j, -0.00124366+ -0.00000086j, -0.00042975+ -0.00000037j,  0.00001667+ -0.00000036j, -0.00010057+ -0.00000137j,  0.00003709+  0.00000046j, -0.00025669+  0.00000321j, -0.00137477+ -0.00001764j, -0.00055819+ -0.00000743j] ,
[  0.00008379+ -0.00000026j,  0.00000738+ -0.00000006j,  0.00003804+  0.00000005j, -0.00006055+ -0.00000003j, -0.00009743+  0.00000002j,  0.00003267+  0.00000013j,  0.00003662+ -0.00000107j, -0.00013207+ -0.00000190j,  0.00007528+  0.00000100j, -0.00004650+  0.00000125j, -0.00005719+ -0.00000104j,  0.00001628+ -0.00000008j] ,
[  0.00005505+ -0.00000177j,  0.00004953+  0.00000021j,  0.00001988+  0.00000002j, -0.00009733+  0.00000004j,  0.00007942+ -0.00000001j,  0.00002799+ -0.00000004j,  0.00010335+ -0.00000286j,  0.00013193+  0.00000142j,  0.00005220+ -0.00000020j,  0.00000530+ -0.00000024j,  0.00002709+  0.00000065j,  0.00010073+  0.00000075j] ,
[  0.00001587+ -0.00000098j, -0.00011712+  0.00000002j,  0.00000353+  0.00000001j,  0.00003264+ -0.00000005j,  0.00002803+  0.00000004j,  0.00007060+ -0.00000001j, -0.00006986+  0.00000188j, -0.00019948+ -0.00000205j, -0.00003951+  0.00000046j,  0.00001254+ -0.00000057j,  0.00007504+  0.00000102j,  0.00003752+  0.00000041j] ,
[ -0.00004640+ -0.00000064j,  0.00000535+  0.00000012j, -0.00001229+ -0.00000042j,  0.00002566+  0.00000066j,  0.00011484+  0.00000322j,  0.00000703+  0.00000010j, -0.00006069+  0.00000003j,  0.00009717+  0.00000376j,  0.00003305+  0.00000060j,  0.00007741+  0.00000062j, -0.00003491+ -0.00000034j, -0.00003804+  0.00000000j] ,
[ -0.00005713+  0.00000094j,  0.00002737+ -0.00000059j, -0.00007524+  0.00000108j,  0.00011198+ -0.00000075j, -0.00071319+  0.00000383j, -0.00032272+  0.00000162j,  0.00009736+ -0.00000372j,  0.00007951+  0.00000002j, -0.00002813+  0.00000013j, -0.00012823+  0.00000255j, -0.00070152+ -0.00000451j, -0.00029037+ -0.00000149j] ,
[ -0.00001639+ -0.00000003j, -0.00010054+  0.00000047j,  0.00003737+ -0.00000039j,  0.00025687+ -0.00000126j, -0.00137720+  0.00000114j, -0.00055714+ -0.00000013j,  0.00003303+ -0.00000070j, -0.00002795+ -0.00000017j,  0.00007040+  0.00000001j, -0.00021232+  0.00000316j, -0.00124455+ -0.00001443j, -0.00043162+ -0.00000636j] ,
[  0.00003686+  0.00000040j,  0.00013185+  0.00000195j, -0.00007559+ -0.00000099j, -0.00004656+ -0.00000124j,  0.00005793+  0.00000097j, -0.00001642+  0.00000019j,  0.00008395+ -0.00000099j, -0.00000718+  0.00000001j, -0.00003793+ -0.00000063j, -0.00006048+ -0.00000002j,  0.00009735+  0.00000239j, -0.00003249+ -0.00000005j] ,
[ -0.00010326+  0.00000094j,  0.00013238+ -0.00000078j,  0.00005210+ -0.00000063j, -0.00000468+  0.00000047j,  0.00002717+ -0.00000050j,  0.00010039+ -0.00000133j, -0.00005477+  0.00000134j,  0.00004962+  0.00000036j,  0.00001970+ -0.00000013j,  0.00009767+ -0.00000245j,  0.00007909+ -0.00000002j,  0.00002780+ -0.00000008j] ,
[  0.00006974+ -0.00000036j, -0.00019931+  0.00000030j, -0.00003913+  0.00000018j, -0.00001250+  0.00000022j,  0.00007537+ -0.00000060j,  0.00003736+ -0.00000047j, -0.00001597+  0.00000026j, -0.00011693+ -0.00000105j,  0.00000312+  0.00000044j, -0.00003232+ -0.00000005j,  0.00002796+  0.00000005j,  0.00007061+  0.00000001j] ]

Hopping[( -2, -2,  0)]=[
[ -0.00010296+  0.00000000j, -0.00004248+  0.00000036j, -0.00002954+ -0.00000078j,  0.00008376+  0.00000072j,  0.00000739+  0.00000003j, -0.00003806+  0.00000002j, -0.00007602+  0.00000195j,  0.00004441+  0.00000061j,  0.00004572+  0.00000012j,  0.00004976+ -0.00000052j, -0.00007029+ -0.00000071j,  0.00001684+ -0.00000023j] ,
[ -0.00004248+ -0.00000036j,  0.00002617+  0.00000000j,  0.00002763+ -0.00000004j,  0.00005480+ -0.00000129j,  0.00004958+  0.00000017j, -0.00001974+  0.00000004j, -0.00004431+  0.00000103j,  0.00001256+  0.00000046j,  0.00000592+ -0.00000011j,  0.00000654+ -0.00000038j,  0.00004499+  0.00000031j, -0.00006853+ -0.00000026j] ,
[ -0.00002954+  0.00000078j,  0.00002763+  0.00000004j,  0.00001133+  0.00000000j, -0.00001586+  0.00000081j,  0.00011707+  0.00000000j,  0.00000346+ -0.00000009j, -0.00004519+  0.00000125j,  0.00000582+ -0.00000013j,  0.00004616+  0.00000049j,  0.00005588+ -0.00000082j,  0.00009617+  0.00000077j, -0.00007094+ -0.00000014j] ,
[  0.00008376+ -0.00000072j,  0.00005480+  0.00000129j, -0.00001586+ -0.00000081j, -0.00010292+  0.00000000j, -0.00004246+  0.00000041j,  0.00002960+  0.00000058j,  0.00004961+ -0.00000132j, -0.00000642+  0.00000054j, -0.00005600+ -0.00000015j, -0.00007611+  0.00000068j,  0.00004456+  0.00000040j, -0.00004565+ -0.00000019j] ,
[  0.00000739+ -0.00000003j,  0.00004958+ -0.00000017j,  0.00011707+ -0.00000000j, -0.00004246+ -0.00000041j,  0.00002621+  0.00000000j, -0.00002763+ -0.00000000j,  0.00007025+ -0.00000216j,  0.00004495+  0.00000031j,  0.00009606+  0.00000012j, -0.00004449+  0.00000045j,  0.00001254+  0.00000047j, -0.00000581+  0.00000009j] ,
[ -0.00003806+ -0.00000002j, -0.00001974+ -0.00000004j,  0.00000346+  0.00000009j,  0.00002960+ -0.00000058j, -0.00002763+  0.00000000j,  0.00001132+ -0.00000000j, -0.00001714+  0.00000061j, -0.00006852+ -0.00000086j, -0.00007123+ -0.00000010j,  0.00004555+ -0.00000053j, -0.00000595+  0.00000011j,  0.00004619+  0.00000047j] ,
[ -0.00007602+ -0.00000195j, -0.00004431+ -0.00000103j, -0.00004519+ -0.00000125j,  0.00004961+  0.00000132j,  0.00007025+  0.00000216j, -0.00001714+ -0.00000061j, -0.00010294+ -0.00000000j,  0.00004255+  0.00000185j,  0.00002978+  0.00000035j,  0.00008360+  0.00000042j, -0.00000733+ -0.00000018j,  0.00003812+  0.00000124j] ,
[  0.00004441+ -0.00000061j,  0.00001256+ -0.00000046j,  0.00000582+  0.00000013j, -0.00000642+ -0.00000054j,  0.00004495+ -0.00000031j, -0.00006852+  0.00000086j,  0.00004255+ -0.00000185j,  0.00002586+  0.00000000j,  0.00002765+ -0.00000019j, -0.00005448+  0.00000079j,  0.00004931+  0.00000019j, -0.00001958+  0.00000041j] ,
[  0.00004572+ -0.00000012j,  0.00000592+  0.00000011j,  0.00004616+ -0.00000049j, -0.00005600+  0.00000015j,  0.00009606+ -0.00000012j, -0.00007123+  0.00000010j,  0.00002978+ -0.00000035j,  0.00002765+  0.00000019j,  0.00001121+  0.00000000j,  0.00001558+ -0.00000031j,  0.00011724+  0.00000112j,  0.00000362+  0.00000043j] ,
[  0.00004976+  0.00000052j,  0.00000654+  0.00000038j,  0.00005588+  0.00000082j, -0.00007611+ -0.00000068j, -0.00004449+ -0.00000045j,  0.00004555+  0.00000053j,  0.00008360+ -0.00000042j, -0.00005448+ -0.00000079j,  0.00001558+  0.00000031j, -0.00010295+ -0.00000000j,  0.00004256+  0.00000107j, -0.00002956+ -0.00000033j] ,
[ -0.00007029+  0.00000071j,  0.00004499+ -0.00000031j,  0.00009617+ -0.00000077j,  0.00004456+ -0.00000040j,  0.00001254+ -0.00000047j, -0.00000595+ -0.00000011j, -0.00000733+  0.00000018j,  0.00004931+ -0.00000019j,  0.00011724+ -0.00000112j,  0.00004256+ -0.00000107j,  0.00002595+  0.00000000j, -0.00002760+  0.00000022j] ,
[  0.00001684+  0.00000023j, -0.00006853+  0.00000026j, -0.00007094+  0.00000014j, -0.00004565+  0.00000019j, -0.00000581+ -0.00000009j,  0.00004619+ -0.00000047j,  0.00003812+ -0.00000124j, -0.00001958+ -0.00000041j,  0.00000362+ -0.00000043j, -0.00002956+  0.00000033j, -0.00002760+ -0.00000022j,  0.00001103+ -0.00000000j] ]

Hopping[( -2, -2,  1)]=[
[ -0.00006060+ -0.00000002j, -0.00009743+ -0.00000005j, -0.00003262+ -0.00000006j,  0.00008379+  0.00000026j,  0.00005505+  0.00000177j,  0.00001587+  0.00000098j, -0.00004640+  0.00000064j, -0.00005713+ -0.00000094j, -0.00001639+  0.00000003j,  0.00003686+ -0.00000040j, -0.00010326+ -0.00000094j,  0.00006974+  0.00000036j] ,
[ -0.00009733+  0.00000013j,  0.00007938+  0.00000000j, -0.00002805+  0.00000006j,  0.00000738+  0.00000006j,  0.00004953+ -0.00000021j, -0.00011712+ -0.00000002j,  0.00000535+ -0.00000012j,  0.00002737+  0.00000059j, -0.00010054+ -0.00000047j,  0.00013185+ -0.00000195j,  0.00013238+  0.00000078j, -0.00019931+ -0.00000030j] ,
[ -0.00003272+  0.00000002j, -0.00002800+ -0.00000008j,  0.00007057+ -0.00000001j,  0.00003804+ -0.00000005j,  0.00001988+ -0.00000002j,  0.00000353+ -0.00000001j, -0.00001229+  0.00000042j, -0.00007524+ -0.00000108j,  0.00003737+  0.00000039j, -0.00007559+  0.00000099j,  0.00005210+  0.00000063j, -0.00003913+ -0.00000018j] ,
[  0.00007834+ -0.00000060j,  0.00012852+  0.00000050j,  0.00021116+  0.00000038j, -0.00006055+  0.00000003j, -0.00009733+ -0.00000004j,  0.00003264+  0.00000005j,  0.00002566+ -0.00000066j,  0.00011198+  0.00000075j,  0.00025687+  0.00000126j, -0.00004656+  0.00000124j, -0.00000468+ -0.00000047j, -0.00001250+ -0.00000022j] ,
[  0.00003394+ -0.00000039j, -0.00070437+  0.00000047j, -0.00124366+  0.00000086j, -0.00009743+ -0.00000002j,  0.00007942+  0.00000001j,  0.00002803+ -0.00000004j,  0.00011484+ -0.00000322j, -0.00071319+ -0.00000383j, -0.00137720+ -0.00000114j,  0.00005793+ -0.00000097j,  0.00002717+  0.00000050j,  0.00007537+  0.00000060j] ,
[  0.00003739+ -0.00000065j, -0.00029049+  0.00000070j, -0.00042975+  0.00000037j,  0.00003267+ -0.00000013j,  0.00002799+  0.00000004j,  0.00007060+  0.00000001j,  0.00000703+ -0.00000010j, -0.00032272+ -0.00000162j, -0.00055714+  0.00000013j, -0.00001642+ -0.00000019j,  0.00010039+  0.00000133j,  0.00003736+  0.00000047j] ,
[ -0.00004636+ -0.00000063j,  0.00005789+  0.00000162j,  0.00001667+  0.00000036j,  0.00003662+  0.00000107j,  0.00010335+  0.00000286j, -0.00006986+ -0.00000188j, -0.00006069+ -0.00000003j,  0.00009736+  0.00000372j,  0.00003303+  0.00000070j,  0.00008395+  0.00000099j, -0.00005477+ -0.00000134j, -0.00001597+ -0.00000026j] ,
[ -0.00000471+  0.00000019j,  0.00002735+ -0.00000046j, -0.00010057+  0.00000137j, -0.00013207+  0.00000190j,  0.00013193+ -0.00000142j, -0.00019948+  0.00000205j,  0.00009717+ -0.00000376j,  0.00007951+ -0.00000002j, -0.00002795+  0.00000017j, -0.00000718+ -0.00000001j,  0.00004962+ -0.00000036j, -0.00011693+  0.00000105j] ,
[  0.00001253+ -0.00000019j, -0.00007512+  0.00000037j,  0.00003709+ -0.00000046j,  0.00007528+ -0.00000100j,  0.00005220+  0.00000020j, -0.00003951+ -0.00000046j,  0.00003305+ -0.00000060j, -0.00002813+ -0.00000013j,  0.00007040+ -0.00000001j, -0.00003793+  0.00000063j,  0.00001970+  0.00000013j,  0.00000312+ -0.00000044j] ,
[  0.00002571+  0.00000021j, -0.00011285+ -0.00000113j, -0.00025669+ -0.00000321j, -0.00004650+ -0.00000125j,  0.00000530+  0.00000024j,  0.00001254+  0.00000057j,  0.00007741+ -0.00000062j, -0.00012823+ -0.00000255j, -0.00021232+ -0.00000316j, -0.00006048+  0.00000002j,  0.00009767+  0.00000245j, -0.00003232+  0.00000005j] ,
[ -0.00011555+  0.00000125j, -0.00071568+  0.00000950j, -0.00137477+  0.00001764j, -0.00005719+  0.00000104j,  0.00002709+ -0.00000065j,  0.00007504+ -0.00000102j, -0.00003491+  0.00000034j, -0.00070152+  0.00000451j, -0.00124455+  0.00001443j,  0.00009735+ -0.00000239j,  0.00007909+  0.00000002j,  0.00002796+ -0.00000005j] ,
[ -0.00000764+  0.00000043j, -0.00032471+  0.00000411j, -0.00055819+  0.00000743j,  0.00001628+  0.00000008j,  0.00010073+ -0.00000075j,  0.00003752+ -0.00000041j, -0.00003804+ -0.00000000j, -0.00029037+  0.00000149j, -0.00043162+  0.00000636j, -0.00003249+  0.00000005j,  0.00002780+  0.00000008j,  0.00007061+ -0.00000001j] ]

Hopping[( -2, -2,  2)]=[
[ -0.00005801+  0.00000000j,  0.00009000+  0.00000046j, -0.00004354+ -0.00000019j,  0.00003915+ -0.00000001j,  0.00006417+  0.00000034j, -0.00010576+ -0.00000023j, -0.00001382+ -0.00000008j,  0.00010826+  0.00000182j, -0.00002287+ -0.00000024j,  0.00001568+ -0.00000013j,  0.00001340+ -0.00000006j, -0.00009311+ -0.00000075j] ,
[  0.00009000+ -0.00000046j, -0.00075599+ -0.00000000j, -0.00004475+ -0.00000001j,  0.00001687+ -0.00000018j, -0.00035194+  0.00000026j,  0.00062178+ -0.00000026j, -0.00010707+  0.00000290j, -0.00076907+ -0.00000892j, -0.00007637+  0.00000197j,  0.00000351+ -0.00000021j, -0.00041808+ -0.00000196j,  0.00072963+  0.00000172j] ,
[ -0.00004354+  0.00000019j, -0.00004475+  0.00000001j, -0.00073598+  0.00000000j, -0.00001884+  0.00000015j,  0.00014531+ -0.00000023j, -0.00021500+  0.00000008j,  0.00002315+ -0.00000045j, -0.00007340+  0.00000142j, -0.00075740+ -0.00000201j,  0.00006766+ -0.00000100j,  0.00016809+  0.00000094j, -0.00021921+ -0.00000020j] ,
[  0.00003915+  0.00000001j,  0.00001687+  0.00000018j, -0.00001884+ -0.00000015j, -0.00005802+ -0.00000000j,  0.00009009+  0.00000036j,  0.00004356+  0.00000017j,  0.00001557+ -0.00000038j, -0.00000350+  0.00000022j, -0.00006763+ -0.00000011j, -0.00001377+  0.00000097j,  0.00010828+  0.00000146j,  0.00002330+  0.00000032j] ,
[  0.00006417+ -0.00000034j, -0.00035194+ -0.00000026j,  0.00014531+  0.00000023j,  0.00009009+ -0.00000036j, -0.00075587+  0.00000000j,  0.00004474+  0.00000002j, -0.00001340+  0.00000036j, -0.00041755+ -0.00000565j,  0.00016698+  0.00000178j, -0.00010776+  0.00000160j, -0.00076922+ -0.00000839j,  0.00007396+ -0.00000208j] ,
[ -0.00010576+  0.00000023j,  0.00062178+  0.00000026j, -0.00021500+ -0.00000008j,  0.00004356+ -0.00000017j,  0.00004474+ -0.00000002j, -0.00073607+ -0.00000000j,  0.00009281+ -0.00000259j,  0.00073043+  0.00000931j, -0.00021809+ -0.00000293j, -0.00002362+  0.00000008j,  0.00007580+ -0.00000169j, -0.00075715+ -0.00000315j] ,
[ -0.00001382+  0.00000008j, -0.00010707+ -0.00000290j,  0.00002315+  0.00000045j,  0.00001557+  0.00000038j, -0.00001340+ -0.00000036j,  0.00009281+  0.00000259j, -0.00005779+ -0.00000000j, -0.00008977+ -0.00000349j,  0.00004312+  0.00000147j,  0.00003936+  0.00000057j, -0.00006425+ -0.00000204j,  0.00010506+  0.00000322j] ,
[  0.00010826+ -0.00000182j, -0.00076907+  0.00000892j, -0.00007340+ -0.00000142j, -0.00000350+ -0.00000022j, -0.00041755+  0.00000565j,  0.00073043+ -0.00000931j, -0.00008977+  0.00000349j, -0.00075585+ -0.00000000j, -0.00004468+  0.00000049j, -0.00001664+ -0.00000019j, -0.00035281+  0.00000288j,  0.00062223+ -0.00000650j] ,
[ -0.00002287+  0.00000024j, -0.00007637+ -0.00000197j, -0.00075740+  0.00000201j, -0.00006763+  0.00000011j,  0.00016698+ -0.00000178j, -0.00021809+  0.00000293j,  0.00004312+ -0.00000147j, -0.00004468+ -0.00000049j, -0.00073640+ -0.00000000j,  0.00001865+ -0.00000001j,  0.00014461+ -0.00000055j, -0.00021402+  0.00000215j] ,
[  0.00001568+  0.00000013j,  0.00000351+  0.00000021j,  0.00006766+  0.00000100j, -0.00001377+ -0.00000097j, -0.00010776+ -0.00000160j, -0.00002362+ -0.00000008j,  0.00003936+ -0.00000057j, -0.00001664+  0.00000019j,  0.00001865+  0.00000001j, -0.00005817+ -0.00000000j, -0.00008978+ -0.00000229j, -0.00004337+ -0.00000090j] ,
[  0.00001340+  0.00000006j, -0.00041808+  0.00000196j,  0.00016809+ -0.00000094j,  0.00010828+ -0.00000146j, -0.00076922+  0.00000839j,  0.00007580+  0.00000169j, -0.00006425+  0.00000204j, -0.00035281+ -0.00000288j,  0.00014461+  0.00000055j, -0.00008978+  0.00000229j, -0.00075597+ -0.00000000j,  0.00004480+ -0.00000039j] ,
[ -0.00009311+  0.00000075j,  0.00072963+ -0.00000172j, -0.00021921+  0.00000020j,  0.00002330+ -0.00000032j,  0.00007396+  0.00000208j, -0.00075715+  0.00000315j,  0.00010506+ -0.00000322j,  0.00062223+  0.00000650j, -0.00021402+ -0.00000215j, -0.00004337+  0.00000090j,  0.00004480+  0.00000039j, -0.00073581+  0.00000000j] ]

Hopping[( -2, -1, -2)]=[
[ -0.00014642+ -0.00000011j,  0.00017386+  0.00000065j, -0.00015282+ -0.00000014j, -0.00008598+ -0.00000020j, -0.00016365+ -0.00000005j,  0.00001012+ -0.00000021j,  0.00027329+ -0.00000723j, -0.00003304+  0.00000027j, -0.00000169+ -0.00000047j, -0.00067223+  0.00000716j,  0.00031439+  0.00000467j,  0.00029085+  0.00000328j] ,
[  0.00017421+ -0.00000057j, -0.00152233+ -0.00000004j, -0.00024409+ -0.00000013j,  0.00000465+  0.00000055j, -0.00067813+  0.00000083j,  0.00149660+  0.00000001j,  0.00003354+ -0.00000060j, -0.00054822+ -0.00000667j,  0.00010611+  0.00000183j, -0.00042129+  0.00000590j, -0.00064063+ -0.00000435j,  0.00077174+  0.00000107j] ,
[ -0.00015385+ -0.00000001j, -0.00024419+  0.00000008j, -0.00157124+ -0.00000006j,  0.00023164+ -0.00000079j,  0.00037621+ -0.00000027j, -0.00055386+  0.00000050j,  0.00000214+ -0.00000138j,  0.00010902+  0.00000407j, -0.00094810+ -0.00000288j,  0.00094374+ -0.00001310j,  0.00014509+  0.00000180j,  0.00018676+  0.00000168j] ,
[ -0.00009168+  0.00000041j,  0.00034516+  0.00000019j, -0.00021014+  0.00000003j, -0.00014641+ -0.00000015j,  0.00017390+  0.00000053j,  0.00015293+  0.00000024j, -0.00067434+  0.00001621j,  0.00042411+  0.00000943j, -0.00094171+ -0.00000625j,  0.00027483+ -0.00000269j, -0.00003342+  0.00000046j,  0.00000156+  0.00000081j] ,
[  0.00027072+ -0.00000066j, -0.00066701+ -0.00000082j,  0.00039663+  0.00000049j,  0.00017436+ -0.00000045j, -0.00152213+ -0.00000000j,  0.00024406+  0.00000018j, -0.00031605+  0.00000934j, -0.00063991+ -0.00000819j,  0.00014459+  0.00000247j,  0.00003385+ -0.00000008j, -0.00054791+ -0.00000620j, -0.00010823+ -0.00000203j] ,
[ -0.00038654+  0.00000086j,  0.00138404+ -0.00000012j, -0.00065231+ -0.00000045j,  0.00015376+ -0.00000004j,  0.00024418+ -0.00000011j, -0.00157155+  0.00000001j, -0.00029065+  0.00000844j,  0.00077187+  0.00000828j,  0.00018756+ -0.00000192j, -0.00000150+  0.00000137j, -0.00010613+ -0.00000412j, -0.00094853+ -0.00000439j] ,
[ -0.00002706+  0.00000002j, -0.00021482+ -0.00000544j,  0.00004522+  0.00000127j,  0.00002567+  0.00000066j, -0.00011205+ -0.00000282j,  0.00025598+  0.00000696j, -0.00014601+  0.00000010j, -0.00017351+ -0.00000708j,  0.00015189+  0.00000530j, -0.00009443+ -0.00000156j, -0.00026971+ -0.00000878j,  0.00038527+  0.00001143j] ,
[  0.00021449+ -0.00000414j, -0.00153693+  0.00001769j, -0.00014699+ -0.00000285j, -0.00011536+  0.00000139j, -0.00071585+  0.00000992j,  0.00137636+ -0.00001799j, -0.00017398+  0.00000732j, -0.00152132+  0.00000003j, -0.00024406+  0.00000217j, -0.00034504+  0.00000865j, -0.00066949+  0.00000650j,  0.00138485+ -0.00001456j] ,
[ -0.00004616+  0.00000068j, -0.00015310+ -0.00000388j, -0.00151395+  0.00000403j,  0.00000709+ -0.00000055j,  0.00032262+ -0.00000336j, -0.00055431+  0.00000568j,  0.00015280+ -0.00000546j, -0.00024404+ -0.00000214j, -0.00157252+  0.00000004j,  0.00020877+ -0.00000474j,  0.00039589+ -0.00000129j, -0.00064952+  0.00000467j] ,
[  0.00002553+  0.00000030j,  0.00011554+  0.00000170j, -0.00000740+  0.00000016j, -0.00002920+ -0.00000197j, -0.00021602+ -0.00000295j, -0.00004717+ -0.00000059j, -0.00008333+  0.00000110j, -0.00000470+  0.00000113j, -0.00023163+ -0.00000286j, -0.00014615+  0.00000015j, -0.00017361+ -0.00000456j, -0.00015333+ -0.00000338j] ,
[  0.00011362+ -0.00000057j, -0.00071718+  0.00000298j,  0.00032464+ -0.00000133j,  0.00021463+ -0.00000338j, -0.00153720+  0.00001671j,  0.00015173+  0.00000337j,  0.00016375+ -0.00000615j, -0.00068102+ -0.00000679j,  0.00037544+  0.00000095j, -0.00017349+  0.00000486j, -0.00152267+  0.00000003j,  0.00024435+ -0.00000154j] ,
[ -0.00025623+  0.00000158j,  0.00137412+ -0.00000347j, -0.00055670+  0.00000088j,  0.00004654+ -0.00000062j,  0.00014827+  0.00000420j, -0.00151300+  0.00000631j, -0.00001020+ -0.00000065j,  0.00149652+  0.00001513j, -0.00055085+ -0.00000505j, -0.00015303+  0.00000350j,  0.00024431+  0.00000150j, -0.00157075+  0.00000001j] ]

Hopping[( -2, -1, -1)]=[
[  0.00000039+  0.00000002j,  0.00018023+  0.00000096j,  0.00016146+  0.00000027j, -0.00017193+ -0.00000096j,  0.00000849+ -0.00000086j, -0.00046443+ -0.00000182j,  0.00146079+ -0.00003719j,  0.00004678+  0.00000194j,  0.00029860+  0.00000002j, -0.00182993+  0.00001904j, -0.00194988+ -0.00002756j, -0.00035611+ -0.00000792j] ,
[  0.00017960+ -0.00000082j,  0.00007991+ -0.00000007j, -0.00024395+  0.00000017j, -0.00032720+  0.00000029j, -0.00135719+ -0.00000193j, -0.00075273+ -0.00000133j,  0.00091383+ -0.00002452j,  0.00015534+  0.00000064j,  0.00027451+  0.00000113j, -0.00234995+  0.00002922j, -0.00248302+ -0.00003139j, -0.00073639+ -0.00001285j] ,
[  0.00016132+ -0.00000018j, -0.00024395+ -0.00000020j,  0.00006587+  0.00000007j, -0.00001902+ -0.00000055j, -0.00299193+ -0.00000053j, -0.00110728+ -0.00000153j,  0.00014689+ -0.00000504j, -0.00037884+ -0.00000455j,  0.00039630+  0.00000209j, -0.00248065+  0.00003094j, -0.00498758+ -0.00005840j, -0.00088539+ -0.00002156j] ,
[  0.00014652+ -0.00000050j, -0.00063920+ -0.00000024j,  0.00042908+  0.00000115j,  0.00016860+ -0.00000022j, -0.00041337+ -0.00000011j,  0.00001370+  0.00000011j,  0.00037402+ -0.00001143j,  0.00072718+  0.00000525j,  0.00153717+  0.00000338j,  0.00146075+ -0.00001517j, -0.00091632+ -0.00001023j,  0.00014337+ -0.00000258j] ,
[  0.00057627+ -0.00000199j, -0.00026932+  0.00000075j, -0.00002877+ -0.00000046j, -0.00041361+  0.00000064j,  0.00007908+ -0.00000014j,  0.00008579+ -0.00000020j,  0.00038645+ -0.00000824j, -0.00063167+ -0.00000928j,  0.00063921+  0.00000313j, -0.00004671+  0.00000072j,  0.00015475+  0.00000351j,  0.00037687+  0.00000132j] ,
[  0.00008662+ -0.00000020j, -0.00014295+ -0.00000065j,  0.00002421+  0.00000014j,  0.00001415+  0.00000025j,  0.00008612+  0.00000014j,  0.00044848+ -0.00000015j, -0.00110942+  0.00003201j, -0.00022046+ -0.00000395j,  0.00080487+  0.00000248j,  0.00029932+ -0.00000429j, -0.00027506+ -0.00000265j,  0.00039607+ -0.00000027j] ,
[ -0.00009252+ -0.00000139j,  0.00011480+  0.00000335j,  0.00003323+  0.00000109j,  0.00006272+  0.00000164j,  0.00001275+  0.00000075j, -0.00027095+ -0.00000744j,  0.00016881+  0.00000000j,  0.00041283+  0.00001769j,  0.00001450+ -0.00000084j, -0.00018944+ -0.00000180j, -0.00068876+ -0.00002722j, -0.00041893+ -0.00001649j] ,
[ -0.00001119+ -0.00000019j,  0.00005428+ -0.00000112j, -0.00020114+  0.00000271j,  0.00005397+  0.00000058j, -0.00166456+  0.00000972j, -0.00066941+  0.00000409j,  0.00041409+ -0.00001697j,  0.00007943+  0.00000019j, -0.00008689+  0.00000196j, -0.00053949+  0.00001117j, -0.00132948+ -0.00001079j, -0.00079217+ -0.00000325j] ,
[  0.00002503+  0.00000006j, -0.00015009+  0.00000070j,  0.00007432+ -0.00000086j,  0.00037197+ -0.00000218j, -0.00292266+  0.00000212j, -0.00087751+ -0.00000099j,  0.00001559+  0.00000073j, -0.00008704+ -0.00000212j,  0.00044797+  0.00000014j, -0.00077286+  0.00001005j, -0.00276973+ -0.00003279j, -0.00130896+ -0.00001510j] ,
[  0.00009914+  0.00000128j,  0.00014015+  0.00000224j,  0.00003354+  0.00000060j, -0.00009473+ -0.00000254j,  0.00001048+  0.00000061j,  0.00002523+  0.00000053j,  0.00008350+  0.00000000j, -0.00012042+ -0.00000309j,  0.00029737+  0.00000544j,  0.00000064+  0.00000004j, -0.00017970+ -0.00000239j,  0.00016106+  0.00000244j] ,
[ -0.00001303+ -0.00000030j,  0.00008990+ -0.00000055j,  0.00013697+ -0.00000102j, -0.00011579+  0.00000134j,  0.00005355+ -0.00000138j,  0.00014985+ -0.00000208j,  0.00018371+ -0.00000860j, -0.00011322+ -0.00000100j,  0.00027323+ -0.00000139j, -0.00018029+  0.00000272j,  0.00007913+  0.00000011j,  0.00024407+ -0.00000154j] ,
[  0.00011176+ -0.00000105j, -0.00019256+  0.00000076j, -0.00014221+  0.00000035j,  0.00003264+ -0.00000007j,  0.00020072+ -0.00000138j,  0.00007430+ -0.00000071j,  0.00006983+ -0.00000191j, -0.00002308+  0.00000176j, -0.00022207+ -0.00000001j,  0.00016118+ -0.00000242j,  0.00024394+  0.00000170j,  0.00006596+ -0.00000000j] ]

Hopping[( -2, -1,  0)]=[
[ -0.00014801+ -0.00000001j, -0.00012687+  0.00000078j,  0.00005464+  0.00000050j,  0.00008096+  0.00000038j,  0.00011864+  0.00000066j,  0.00029817+  0.00000065j,  0.00021160+ -0.00000808j, -0.00084252+ -0.00001052j,  0.00023644+  0.00000299j,  0.00060970+ -0.00000395j,  0.00159031+  0.00002750j,  0.00157594+  0.00001959j] ,
[ -0.00012505+  0.00000085j, -0.00027121+ -0.00000087j, -0.00012304+  0.00000004j, -0.00018335+  0.00000036j, -0.00011185+  0.00000033j, -0.00027609+  0.00000012j,  0.00084029+ -0.00002306j, -0.00078641+ -0.00001037j,  0.00003188+  0.00000371j, -0.00337113+  0.00004584j, -0.00000943+ -0.00000063j, -0.00031336+ -0.00000113j] ,
[  0.00005269+ -0.00000082j, -0.00012395+  0.00000108j,  0.00037494+ -0.00000025j,  0.00006981+ -0.00000133j,  0.00002273+  0.00000076j, -0.00022006+  0.00000042j, -0.00023387+  0.00000325j,  0.00003171+ -0.00000122j,  0.00071694+ -0.00000064j, -0.00039549+  0.00000145j,  0.00008743+ -0.00000116j, -0.00019585+ -0.00000125j] ,
[  0.00014639+ -0.00000015j,  0.00057565+  0.00000223j, -0.00008441+ -0.00000180j, -0.00014807+ -0.00000020j, -0.00012719+  0.00000075j, -0.00005441+ -0.00000011j,  0.00060320+ -0.00001760j,  0.00337080+  0.00004920j,  0.00040029+ -0.00001319j,  0.00021289+ -0.00000039j, -0.00084270+ -0.00000997j, -0.00024060+ -0.00000338j] ,
[ -0.00063763+  0.00000272j, -0.00027002+ -0.00000177j,  0.00014465+  0.00000020j, -0.00012506+  0.00000076j, -0.00027131+ -0.00000072j,  0.00012307+ -0.00000020j, -0.00159381+  0.00004463j, -0.00001014+ -0.00000105j,  0.00008833+  0.00000091j,  0.00084153+ -0.00001084j, -0.00078762+ -0.00000899j, -0.00003462+ -0.00000389j] ,
[ -0.00042892+  0.00000178j,  0.00002909+ -0.00000061j,  0.00002343+  0.00000013j, -0.00005263+  0.00000088j,  0.00012413+ -0.00000090j,  0.00037468+ -0.00000034j, -0.00157273+  0.00004643j, -0.00031387+ -0.00000302j, -0.00019677+  0.00000040j,  0.00023562+ -0.00000193j, -0.00003331+  0.00000182j,  0.00071652+  0.00000023j] ,
[ -0.00015241+ -0.00000389j, -0.00008890+ -0.00000173j, -0.00009048+ -0.00000231j,  0.00007319+  0.00000225j,  0.00026427+  0.00000794j,  0.00015093+  0.00000345j, -0.00014774+  0.00000008j,  0.00012722+  0.00000703j, -0.00005488+ -0.00000216j,  0.00014488+  0.00000051j,  0.00063985+  0.00002694j,  0.00043125+  0.00001517j] ,
[  0.00008939+ -0.00000079j,  0.00002335+ -0.00000091j,  0.00001240+  0.00000045j, -0.00020598+  0.00000237j,  0.00026306+ -0.00000178j, -0.00010331+  0.00000113j,  0.00012704+ -0.00000555j, -0.00027215+  0.00000082j, -0.00012554+  0.00000384j, -0.00057499+  0.00001390j, -0.00027019+  0.00000112j,  0.00003164+ -0.00000088j] ,
[  0.00009115+  0.00000038j,  0.00001259+ -0.00000004j,  0.00009126+ -0.00000103j, -0.00014044+ -0.00000002j,  0.00040016+ -0.00000018j, -0.00007851+  0.00000021j, -0.00005120+  0.00000182j, -0.00012483+ -0.00000490j,  0.00037302+  0.00000026j,  0.00008380+ -0.00000601j,  0.00014303+ -0.00000053j,  0.00002285+  0.00000075j] ,
[  0.00007306+  0.00000074j,  0.00020669+  0.00000352j,  0.00013984+  0.00000224j, -0.00015192+ -0.00000146j, -0.00008954+ -0.00000061j,  0.00009045+  0.00000079j,  0.00008330+  0.00000003j,  0.00018377+  0.00000613j, -0.00007238+ -0.00000148j, -0.00014807+  0.00000006j,  0.00012594+  0.00000482j,  0.00005464+  0.00000149j] ,
[ -0.00026300+  0.00000374j,  0.00026373+ -0.00000257j,  0.00039953+ -0.00000372j,  0.00008980+ -0.00000044j,  0.00002306+ -0.00000085j, -0.00001269+ -0.00000042j, -0.00011954+  0.00000630j, -0.00011206+  0.00000180j,  0.00002219+  0.00000073j,  0.00012616+ -0.00000284j, -0.00027321+  0.00000091j,  0.00012370+ -0.00000328j] ,
[ -0.00015149+  0.00000210j, -0.00010334+ -0.00000004j, -0.00007779+ -0.00000082j, -0.00009061+ -0.00000024j, -0.00001247+  0.00000007j,  0.00009099+ -0.00000098j, -0.00029981+  0.00001030j, -0.00027486+ -0.00000086j, -0.00022275+  0.00000042j,  0.00005332+ -0.00000051j,  0.00012312+  0.00000446j,  0.00037359+  0.00000026j] ]

Hopping[( -2, -1,  1)]=[
[  0.00016868+ -0.00000012j, -0.00041287+ -0.00000001j, -0.00001352+  0.00000004j,  0.00008109+  0.00000010j, -0.00018464+  0.00000109j, -0.00007267+  0.00000117j,  0.00145839+ -0.00003855j, -0.00091470+ -0.00001137j, -0.00014856+  0.00000182j,  0.00038014+ -0.00000211j, -0.00039169+  0.00000105j,  0.00110807+  0.00000901j] ,
[ -0.00041383+  0.00000090j,  0.00007949+ -0.00000023j, -0.00008573+  0.00000030j,  0.00012179+  0.00000089j, -0.00011145+ -0.00000138j, -0.00002342+ -0.00000057j, -0.00004828+  0.00000131j,  0.00015659+  0.00000293j, -0.00037688+ -0.00000021j, -0.00073018+  0.00000795j, -0.00063054+ -0.00000878j, -0.00021976+ -0.00000370j] ,
[ -0.00001416+ -0.00000024j, -0.00008595+ -0.00000012j,  0.00044837+ -0.00000013j, -0.00029921+  0.00000017j,  0.00027589+  0.00000046j, -0.00022220+  0.00000013j, -0.00029913+  0.00000679j,  0.00027374+  0.00000322j,  0.00039707+ -0.00000088j, -0.00153474+  0.00001889j,  0.00063840+  0.00000949j,  0.00080497+  0.00000538j] ,
[ -0.00018338+  0.00000056j,  0.00054182+  0.00000154j,  0.00077143+  0.00000157j,  0.00000039+ -0.00000011j,  0.00017976+  0.00000066j, -0.00016147+  0.00000012j, -0.00183371+  0.00004682j,  0.00234381+  0.00002385j,  0.00248559+  0.00000172j,  0.00146300+ -0.00001370j,  0.00004622+  0.00000131j, -0.00030121+ -0.00000048j] ,
[  0.00069124+ -0.00000084j, -0.00133492+  0.00000158j, -0.00276868+  0.00000081j,  0.00017954+ -0.00000061j,  0.00007988+ -0.00000003j,  0.00024391+ -0.00000023j,  0.00194517+ -0.00005260j, -0.00247346+ -0.00001227j, -0.00499421+ -0.00000390j,  0.00091559+ -0.00001205j,  0.00015544+  0.00000095j, -0.00027488+ -0.00000130j] ,
[  0.00041986+ -0.00000082j, -0.00079325+  0.00000097j, -0.00130399+  0.00000143j, -0.00016154+  0.00000011j,  0.00024400+  0.00000017j,  0.00006586+ -0.00000000j,  0.00035215+ -0.00000917j, -0.00073105+ -0.00000458j, -0.00088088+  0.00000225j, -0.00014689+  0.00000150j,  0.00037767+  0.00000459j,  0.00039741+  0.00000311j] ,
[ -0.00009257+ -0.00000141j,  0.00001025+  0.00000053j, -0.00002421+ -0.00000035j,  0.00009936+  0.00000280j,  0.00001375+  0.00000098j, -0.00011189+ -0.00000302j,  0.00000018+  0.00000005j, -0.00017985+ -0.00000558j, -0.00016176+ -0.00000434j,  0.00014400+  0.00000115j, -0.00057336+ -0.00001993j, -0.00008242+ -0.00000406j] ,
[ -0.00011591+  0.00000121j,  0.00005452+ -0.00000140j, -0.00015020+  0.00000218j, -0.00013980+  0.00000164j,  0.00008965+ -0.00000047j, -0.00019227+  0.00000156j, -0.00017881+  0.00000570j,  0.00008054+  0.00000006j, -0.00024395+  0.00000227j,  0.00063983+ -0.00001593j, -0.00027038+  0.00000032j, -0.00014375+  0.00000055j] ,
[ -0.00003314+  0.00000036j, -0.00020073+  0.00000091j,  0.00007399+ -0.00000072j, -0.00003395+ -0.00000063j,  0.00013749+ -0.00000068j, -0.00014286+ -0.00000011j, -0.00016072+  0.00000448j, -0.00024398+ -0.00000236j,  0.00006474+ -0.00000008j, -0.00042735+  0.00000709j, -0.00002921+ -0.00000103j,  0.00002257+ -0.00000126j] ,
[  0.00006223+  0.00000063j, -0.00005380+ -0.00000052j, -0.00037272+ -0.00000507j, -0.00009461+ -0.00000250j,  0.00011498+  0.00000196j, -0.00003243+ -0.00000012j, -0.00016603+  0.00000199j,  0.00032763+  0.00000818j,  0.00001977+ -0.00000082j,  0.00016894+  0.00000015j,  0.00041338+  0.00001131j, -0.00001287+  0.00000163j] ,
[ -0.00001399+ -0.00000102j, -0.00166912+  0.00002170j, -0.00291801+  0.00003645j, -0.00001090+  0.00000032j,  0.00005365+ -0.00000108j,  0.00020073+ -0.00000265j, -0.00001196+ -0.00000144j, -0.00135018+  0.00001145j, -0.00299384+  0.00003401j,  0.00041321+ -0.00001042j,  0.00007876+  0.00000024j,  0.00008557+ -0.00000164j] ,
[  0.00027119+ -0.00000150j, -0.00067289+  0.00000907j, -0.00087932+  0.00001457j, -0.00002520+  0.00000021j,  0.00015020+ -0.00000102j,  0.00007481+ -0.00000089j,  0.00046221+ -0.00001408j, -0.00075132+  0.00000316j, -0.00111228+  0.00001507j, -0.00001375+ -0.00000135j,  0.00008579+  0.00000192j,  0.00044844+  0.00000020j] ]

Hopping[( -2, -1,  2)]=[
[ -0.00014642+ -0.00000011j,  0.00017386+  0.00000065j, -0.00015282+ -0.00000014j, -0.00008598+ -0.00000020j, -0.00016365+ -0.00000005j,  0.00001012+ -0.00000021j,  0.00027329+ -0.00000723j, -0.00003304+  0.00000027j, -0.00000169+ -0.00000047j, -0.00067223+  0.00000716j,  0.00031439+  0.00000467j,  0.00029085+  0.00000328j] ,
[  0.00017421+ -0.00000057j, -0.00152233+ -0.00000004j, -0.00024409+ -0.00000013j,  0.00000465+  0.00000055j, -0.00067813+  0.00000083j,  0.00149660+  0.00000001j,  0.00003354+ -0.00000060j, -0.00054822+ -0.00000667j,  0.00010611+  0.00000183j, -0.00042129+  0.00000590j, -0.00064063+ -0.00000435j,  0.00077174+  0.00000107j] ,
[ -0.00015385+ -0.00000001j, -0.00024419+  0.00000008j, -0.00157124+ -0.00000006j,  0.00023164+ -0.00000079j,  0.00037621+ -0.00000027j, -0.00055386+  0.00000050j,  0.00000214+ -0.00000138j,  0.00010902+  0.00000407j, -0.00094810+ -0.00000288j,  0.00094374+ -0.00001310j,  0.00014509+  0.00000180j,  0.00018676+  0.00000168j] ,
[ -0.00009168+  0.00000041j,  0.00034516+  0.00000019j, -0.00021014+  0.00000003j, -0.00014641+ -0.00000015j,  0.00017390+  0.00000053j,  0.00015293+  0.00000024j, -0.00067434+  0.00001621j,  0.00042411+  0.00000943j, -0.00094171+ -0.00000625j,  0.00027483+ -0.00000269j, -0.00003342+  0.00000046j,  0.00000156+  0.00000081j] ,
[  0.00027072+ -0.00000066j, -0.00066701+ -0.00000082j,  0.00039663+  0.00000049j,  0.00017436+ -0.00000045j, -0.00152213+ -0.00000000j,  0.00024406+  0.00000018j, -0.00031605+  0.00000934j, -0.00063991+ -0.00000819j,  0.00014459+  0.00000247j,  0.00003385+ -0.00000008j, -0.00054791+ -0.00000620j, -0.00010823+ -0.00000203j] ,
[ -0.00038654+  0.00000086j,  0.00138404+ -0.00000012j, -0.00065231+ -0.00000045j,  0.00015376+ -0.00000004j,  0.00024418+ -0.00000011j, -0.00157155+  0.00000001j, -0.00029065+  0.00000844j,  0.00077187+  0.00000828j,  0.00018756+ -0.00000192j, -0.00000150+  0.00000137j, -0.00010613+ -0.00000412j, -0.00094853+ -0.00000439j] ,
[ -0.00002706+  0.00000002j, -0.00021482+ -0.00000544j,  0.00004522+  0.00000127j,  0.00002567+  0.00000066j, -0.00011205+ -0.00000282j,  0.00025598+  0.00000696j, -0.00014601+  0.00000010j, -0.00017351+ -0.00000708j,  0.00015189+  0.00000530j, -0.00009443+ -0.00000156j, -0.00026971+ -0.00000878j,  0.00038527+  0.00001143j] ,
[  0.00021449+ -0.00000414j, -0.00153693+  0.00001769j, -0.00014699+ -0.00000285j, -0.00011536+  0.00000139j, -0.00071585+  0.00000992j,  0.00137636+ -0.00001799j, -0.00017398+  0.00000732j, -0.00152132+  0.00000003j, -0.00024406+  0.00000217j, -0.00034504+  0.00000865j, -0.00066949+  0.00000650j,  0.00138485+ -0.00001456j] ,
[ -0.00004616+  0.00000068j, -0.00015310+ -0.00000388j, -0.00151395+  0.00000403j,  0.00000709+ -0.00000055j,  0.00032262+ -0.00000336j, -0.00055431+  0.00000568j,  0.00015280+ -0.00000546j, -0.00024404+ -0.00000214j, -0.00157252+  0.00000004j,  0.00020877+ -0.00000474j,  0.00039589+ -0.00000129j, -0.00064952+  0.00000467j] ,
[  0.00002553+  0.00000030j,  0.00011554+  0.00000170j, -0.00000740+  0.00000016j, -0.00002920+ -0.00000197j, -0.00021602+ -0.00000295j, -0.00004717+ -0.00000059j, -0.00008333+  0.00000110j, -0.00000470+  0.00000113j, -0.00023163+ -0.00000286j, -0.00014615+  0.00000015j, -0.00017361+ -0.00000456j, -0.00015333+ -0.00000338j] ,
[  0.00011362+ -0.00000057j, -0.00071718+  0.00000298j,  0.00032464+ -0.00000133j,  0.00021463+ -0.00000338j, -0.00153720+  0.00001671j,  0.00015173+  0.00000337j,  0.00016375+ -0.00000615j, -0.00068102+ -0.00000679j,  0.00037544+  0.00000095j, -0.00017349+  0.00000486j, -0.00152267+  0.00000003j,  0.00024435+ -0.00000154j] ,
[ -0.00025623+  0.00000158j,  0.00137412+ -0.00000347j, -0.00055670+  0.00000088j,  0.00004654+ -0.00000062j,  0.00014827+  0.00000420j, -0.00151300+  0.00000631j, -0.00001020+ -0.00000065j,  0.00149652+  0.00001513j, -0.00055085+ -0.00000505j, -0.00015303+  0.00000350j,  0.00024431+  0.00000150j, -0.00157075+  0.00000001j] ]

Hopping[( -2,  0, -2)]=[
[ -0.00656394+ -0.00000000j,  0.00108995+  0.00000413j, -0.00240848+ -0.00000743j, -0.00423159+ -0.00000374j, -0.00156911+ -0.00000299j,  0.00386075+  0.00001218j,  0.00027413+ -0.00000672j, -0.00003317+ -0.00000042j, -0.00000262+  0.00000023j, -0.00091634+  0.00000781j,  0.00117707+  0.00001146j, -0.00124007+ -0.00000420j] ,
