Hopping={}
Hopping[( -2, -2, -2)]=[
[ -0.00000609+ -0.00000000j, -0.00000432+ -0.00000009j, -0.00001043+ -0.00000042j, -0.00001043+  0.00000002j, -0.00000320+ -0.00000005j,  0.00000304+  0.00000024j,  0.00000577+  0.00000065j,  0.00000106+  0.00000012j, -0.00000067+ -0.00000011j,  0.00000437+  0.00000017j,  0.00000516+  0.00000016j, -0.00001377+ -0.00000047j] ,
[ -0.00000432+  0.00000009j,  0.00000236+ -0.00000000j,  0.00000252+ -0.00000002j,  0.00001168+ -0.00000024j,  0.00000558+  0.00000001j, -0.00000040+  0.00000025j, -0.00000110+  0.00000038j, -0.00000382+ -0.00000000j, -0.00000550+ -0.00000008j,  0.00000034+ -0.00000001j,  0.00000028+  0.00000001j,  0.00000218+  0.00000000j] ,
[ -0.00001043+  0.00000042j,  0.00000252+  0.00000002j, -0.00001257+ -0.00000000j, -0.00000683+  0.00000001j, -0.00000267+  0.00000008j,  0.00000959+  0.00000004j,  0.00000072+  0.00000013j, -0.00000550+ -0.00000003j,  0.00000181+  0.00000067j,  0.00000894+  0.00000033j,  0.00000335+ -0.00000003j, -0.00001317+  0.00000014j] ,
[ -0.00001043+ -0.00000002j,  0.00001168+  0.00000024j, -0.00000683+ -0.00000001j, -0.00000614+ -0.00000000j, -0.00000436+ -0.00000009j,  0.00001045+  0.00000040j,  0.00000468+  0.00000050j, -0.00000028+  0.00000005j, -0.00000907+ -0.00000036j,  0.00000586+  0.00000038j,  0.00000107+  0.00000012j,  0.00000063+  0.00000008j] ,
[ -0.00000320+  0.00000005j,  0.00000558+ -0.00000001j, -0.00000267+ -0.00000008j, -0.00000436+  0.00000009j,  0.00000237+  0.00000000j, -0.00000252+  0.00000002j, -0.00000510+ -0.00000037j,  0.00000028+ -0.00000001j,  0.00000329+  0.00000007j, -0.00000104+ -0.00000007j, -0.00000382+  0.00000000j,  0.00000550+  0.00000001j] ,
[  0.00000304+ -0.00000024j, -0.00000040+ -0.00000025j,  0.00000959+ -0.00000004j,  0.00001045+ -0.00000040j, -0.00000252+ -0.00000002j, -0.00001258+  0.00000000j,  0.00001387+  0.00000086j,  0.00000220+ -0.00000011j, -0.00001300+ -0.00000019j, -0.00000073+  0.00000001j,  0.00000550+  0.00000003j,  0.00000183+  0.00000063j] ,
[  0.00000577+ -0.00000065j, -0.00000110+ -0.00000038j,  0.00000072+ -0.00000013j,  0.00000468+ -0.00000050j, -0.00000510+  0.00000037j,  0.00001387+ -0.00000086j, -0.00000610+ -0.00000000j,  0.00000431+  0.00000007j,  0.00001053+ -0.00000013j, -0.00001046+  0.00000143j,  0.00000321+ -0.00000050j, -0.00000308+  0.00000049j] ,
[  0.00000106+ -0.00000012j, -0.00000382+  0.00000000j, -0.00000550+  0.00000003j, -0.00000028+ -0.00000005j,  0.00000028+  0.00000001j,  0.00000220+  0.00000011j,  0.00000431+ -0.00000007j,  0.00000237+ -0.00000000j,  0.00000254+ -0.00000002j, -0.00001169+ -0.00000041j,  0.00000557+  0.00000002j, -0.00000032+ -0.00000019j] ,
[ -0.00000067+  0.00000011j, -0.00000550+  0.00000008j,  0.00000181+ -0.00000067j, -0.00000907+  0.00000036j,  0.00000329+ -0.00000007j, -0.00001300+  0.00000019j,  0.00001053+  0.00000013j,  0.00000254+  0.00000002j, -0.00001239+ -0.00000000j,  0.00000682+  0.00000004j, -0.00000267+  0.00000008j,  0.00000954+  0.00000003j] ,
[  0.00000437+ -0.00000017j,  0.00000034+  0.00000001j,  0.00000894+ -0.00000033j,  0.00000586+ -0.00000038j, -0.00000104+  0.00000007j, -0.00000073+ -0.00000001j, -0.00001046+ -0.00000143j, -0.00001169+  0.00000041j,  0.00000682+ -0.00000004j, -0.00000653+  0.00000000j,  0.00000434+  0.00000000j, -0.00001042+  0.00000057j] ,
[  0.00000516+ -0.00000016j,  0.00000028+ -0.00000001j,  0.00000335+  0.00000003j,  0.00000107+ -0.00000012j, -0.00000382+ -0.00000000j,  0.00000550+ -0.00000003j,  0.00000321+  0.00000050j,  0.00000557+ -0.00000002j, -0.00000267+ -0.00000008j,  0.00000434+ -0.00000000j,  0.00000237+  0.00000000j, -0.00000255+ -0.00000001j] ,
[ -0.00001377+  0.00000047j,  0.00000218+ -0.00000000j, -0.00001317+ -0.00000014j,  0.00000063+ -0.00000008j,  0.00000550+ -0.00000001j,  0.00000183+ -0.00000063j, -0.00000308+ -0.00000049j, -0.00000032+  0.00000019j,  0.00000954+ -0.00000003j, -0.00001042+ -0.00000057j, -0.00000255+  0.00000001j, -0.00001237+  0.00000000j] ]

Hopping[( -2, -2, -1)]=[
[ -0.00002631+  0.00000001j,  0.00001186+  0.00000041j,  0.00000094+  0.00000003j, -0.00002086+ -0.00000007j,  0.00002339+  0.00000042j,  0.00001368+ -0.00000000j,  0.00001197+  0.00000100j, -0.00000644+ -0.00000001j,  0.00000537+  0.00000014j,  0.00002464+  0.00000247j,  0.00002888+  0.00000085j,  0.00005909+  0.00000218j] ,
[  0.00001183+ -0.00000040j, -0.00002518+  0.00000000j,  0.00001037+  0.00000007j, -0.00000641+  0.00000009j,  0.00001115+ -0.00000002j,  0.00000535+  0.00000015j, -0.00002705+ -0.00000091j,  0.00002603+  0.00000003j, -0.00003587+  0.00000020j, -0.00000621+ -0.00000059j, -0.00002804+ -0.00000004j, -0.00002996+ -0.00000025j] ,
[  0.00000097+  0.00000003j,  0.00001038+ -0.00000007j,  0.00003227+  0.00000003j, -0.00000610+  0.00000049j,  0.00000081+  0.00000048j,  0.00001919+ -0.00000009j,  0.00004739+  0.00000325j, -0.00006236+ -0.00000001j, -0.00002754+ -0.00000043j,  0.00002672+  0.00000111j,  0.00004249+ -0.00000003j,  0.00000699+  0.00000017j] ,
[ -0.00004254+ -0.00000008j,  0.00001216+  0.00000032j, -0.00002259+ -0.00000132j, -0.00002634+ -0.00000001j,  0.00001184+  0.00000041j, -0.00000097+  0.00000003j, -0.00000721+ -0.00000040j, -0.00001367+ -0.00000015j,  0.00002141+  0.00000165j,  0.00001229+  0.00000147j,  0.00002727+  0.00000088j,  0.00004718+  0.00000167j] ,
[  0.00001011+ -0.00000006j,  0.00003724+  0.00000001j,  0.00001470+  0.00000007j,  0.00001184+ -0.00000041j, -0.00002518+  0.00000000j, -0.00001038+ -0.00000007j, -0.00004272+ -0.00000166j, -0.00007140+ -0.00000000j, -0.00004327+  0.00000048j,  0.00000692+  0.00000094j,  0.00002605+ -0.00000001j,  0.00006233+  0.00000026j] ,
[  0.00000029+ -0.00000054j,  0.00000016+ -0.00000002j, -0.00011686+ -0.00000008j, -0.00000091+  0.00000003j, -0.00001037+  0.00000007j,  0.00003227+ -0.00000003j,  0.00006100+  0.00000123j,  0.00004061+ -0.00000020j,  0.00016696+ -0.00000009j,  0.00000516+ -0.00000011j,  0.00003575+  0.00000010j, -0.00002787+  0.00000043j] ,
[  0.00001218+ -0.00000183j,  0.00000675+ -0.00000146j, -0.00000516+ -0.00000021j,  0.00002480+ -0.00000217j, -0.00002907+  0.00000230j, -0.00005921+  0.00000329j, -0.00002601+  0.00000001j, -0.00001192+  0.00000093j, -0.00000132+  0.00000085j, -0.00002096+  0.00000260j, -0.00002322+  0.00000104j, -0.00001360+  0.00000150j] ,
[  0.00002725+ -0.00000088j,  0.00002605+  0.00000001j, -0.00003576+  0.00000010j,  0.00000611+ -0.00000007j, -0.00002805+ -0.00000002j, -0.00003002+  0.00000000j, -0.00001191+ -0.00000095j, -0.00002519+  0.00000000j,  0.00001030+  0.00000016j,  0.00000644+  0.00000020j,  0.00001114+ -0.00000001j,  0.00000531+  0.00000009j] ,
[ -0.00004718+  0.00000167j, -0.00006233+  0.00000032j, -0.00002786+ -0.00000048j, -0.00002662+  0.00000110j,  0.00004227+ -0.00000050j,  0.00000683+ -0.00000078j, -0.00000125+ -0.00000088j,  0.00001030+ -0.00000016j,  0.00003226+ -0.00000001j,  0.00000610+  0.00000051j,  0.00000067+ -0.00000053j,  0.00001910+ -0.00000023j] ,
[ -0.00000752+  0.00000127j,  0.00001404+ -0.00000107j, -0.00002066+ -0.00000079j,  0.00001201+ -0.00000076j, -0.00002697+  0.00000082j, -0.00004739+  0.00000264j, -0.00004273+ -0.00000087j, -0.00001221+  0.00000045j,  0.00002172+  0.00000071j, -0.00002665+  0.00000001j, -0.00001187+  0.00000068j,  0.00000133+ -0.00000063j] ,
[  0.00004261+ -0.00000166j, -0.00007137+ -0.00000000j, -0.00004311+  0.00000011j, -0.00000643+  0.00000000j,  0.00002604+ -0.00000003j,  0.00006237+ -0.00000002j, -0.00001012+ -0.00000075j,  0.00003724+  0.00000000j,  0.00001462+  0.00000018j, -0.00001186+ -0.00000070j, -0.00002520+ -0.00000000j, -0.00001031+ -0.00000013j] ,
[ -0.00006199+  0.00000283j,  0.00004050+ -0.00000035j,  0.00016662+ -0.00000056j, -0.00000536+  0.00000015j,  0.00003591+  0.00000015j, -0.00002752+  0.00000034j,  0.00000063+  0.00000197j,  0.00000024+  0.00000016j, -0.00011701+ -0.00000025j,  0.00000143+  0.00000058j, -0.00001032+  0.00000012j,  0.00003227+ -0.00000001j] ]

Hopping[( -2, -2,  0)]=[
[ -0.00004200+ -0.00000000j,  0.00002342+  0.00000072j, -0.00000190+ -0.00000026j, -0.00004268+ -0.00000008j,  0.00001226+  0.00000030j,  0.00002273+  0.00000114j,  0.00001663+  0.00000175j,  0.00002136+  0.00000070j, -0.00003615+ -0.00000154j,  0.00003735+  0.00000288j,  0.00005357+  0.00000159j,  0.00003844+  0.00000056j] ,
[  0.00002342+ -0.00000072j, -0.00006755+  0.00000000j,  0.00001252+  0.00000010j,  0.00001001+ -0.00000016j,  0.00003725+ -0.00000000j, -0.00001469+ -0.00000005j, -0.00002097+ -0.00000076j,  0.00004420+  0.00000000j, -0.00004215+  0.00000010j, -0.00000519+ -0.00000022j, -0.00009017+ -0.00000003j, -0.00000523+ -0.00000016j] ,
[ -0.00000190+  0.00000026j,  0.00001252+ -0.00000010j,  0.00002883+  0.00000000j, -0.00000030+  0.00000055j, -0.00000015+  0.00000004j, -0.00011686+ -0.00000014j,  0.00003625+  0.00000194j, -0.00004197+ -0.00000012j, -0.00000208+ -0.00000029j,  0.00003720+  0.00000365j,  0.00005656+ -0.00000011j,  0.00021434+  0.00000094j] ,
[ -0.00004268+  0.00000008j,  0.00001001+  0.00000016j, -0.00000030+ -0.00000055j, -0.00004200+  0.00000000j,  0.00002341+  0.00000070j,  0.00000189+  0.00000025j,  0.00003750+  0.00000389j,  0.00000480+  0.00000024j, -0.00003558+ -0.00000091j,  0.00001671+  0.00000147j,  0.00002138+  0.00000074j,  0.00003612+  0.00000147j] ,
[  0.00001226+ -0.00000030j,  0.00003725+  0.00000000j, -0.00000015+ -0.00000004j,  0.00002341+ -0.00000070j, -0.00006754+  0.00000000j, -0.00001251+ -0.00000011j, -0.00005361+ -0.00000378j, -0.00009019+  0.00000003j,  0.00005619+  0.00000081j, -0.00002082+ -0.00000068j,  0.00004420+ -0.00000000j,  0.00004216+ -0.00000005j] ,
[  0.00002273+ -0.00000114j, -0.00001469+  0.00000005j, -0.00011686+  0.00000014j,  0.00000189+ -0.00000025j, -0.00001251+  0.00000011j,  0.00002883+  0.00000000j, -0.00003959+ -0.00000503j, -0.00000514+  0.00000003j,  0.00021426+  0.00000113j, -0.00003632+ -0.00000149j,  0.00004197+  0.00000010j, -0.00000204+ -0.00000019j] ,
[  0.00001663+ -0.00000175j, -0.00002097+  0.00000076j,  0.00003625+ -0.00000194j,  0.00003750+ -0.00000389j, -0.00005361+  0.00000378j, -0.00003959+  0.00000503j, -0.00004188+ -0.00000000j, -0.00002354+  0.00000152j,  0.00000153+  0.00000081j, -0.00004270+  0.00000037j, -0.00001212+  0.00000072j, -0.00002166+ -0.00000041j] ,
[  0.00002136+ -0.00000070j,  0.00004420+ -0.00000000j, -0.00004197+  0.00000012j,  0.00000480+ -0.00000024j, -0.00009019+ -0.00000003j, -0.00000514+ -0.00000003j, -0.00002354+ -0.00000152j, -0.00006755+ -0.00000000j,  0.00001243+  0.00000032j, -0.00001026+ -0.00000051j,  0.00003724+ -0.00000000j, -0.00001465+ -0.00000018j] ,
[ -0.00003615+  0.00000154j, -0.00004215+ -0.00000010j, -0.00000208+  0.00000029j, -0.00003558+  0.00000091j,  0.00005619+ -0.00000081j,  0.00021426+ -0.00000113j,  0.00000153+ -0.00000081j,  0.00001243+ -0.00000032j,  0.00002881+ -0.00000000j, -0.00000081+ -0.00000168j, -0.00000024+ -0.00000018j, -0.00011705+ -0.00000026j] ,
[  0.00003735+ -0.00000288j, -0.00000519+  0.00000022j,  0.00003720+ -0.00000365j,  0.00001671+ -0.00000147j, -0.00002082+  0.00000068j, -0.00003632+  0.00000149j, -0.00004270+ -0.00000037j, -0.00001026+  0.00000051j, -0.00000081+  0.00000168j, -0.00004225+ -0.00000000j, -0.00002356+  0.00000124j, -0.00000150+ -0.00000053j] ,
[  0.00005357+ -0.00000159j, -0.00009017+  0.00000003j,  0.00005656+  0.00000011j,  0.00002138+ -0.00000074j,  0.00004420+  0.00000000j,  0.00004197+ -0.00000010j, -0.00001212+ -0.00000072j,  0.00003724+  0.00000000j, -0.00000024+  0.00000018j, -0.00002356+ -0.00000124j, -0.00006755+ -0.00000000j, -0.00001240+ -0.00000027j] ,
[  0.00003844+ -0.00000056j, -0.00000523+  0.00000016j,  0.00021434+ -0.00000094j,  0.00003612+ -0.00000147j,  0.00004216+  0.00000005j, -0.00000204+  0.00000019j, -0.00002166+  0.00000041j, -0.00001465+  0.00000018j, -0.00011705+  0.00000026j, -0.00000150+  0.00000053j, -0.00001240+  0.00000027j,  0.00002881+  0.00000000j] ]

Hopping[( -2, -2,  1)]=[
[ -0.00002631+ -0.00000001j,  0.00001183+  0.00000040j,  0.00000097+ -0.00000003j, -0.00004254+  0.00000008j,  0.00001011+  0.00000006j,  0.00000029+  0.00000054j,  0.00001218+  0.00000183j,  0.00002725+  0.00000088j, -0.00004718+ -0.00000167j, -0.00000752+ -0.00000127j,  0.00004261+  0.00000166j, -0.00006199+ -0.00000283j] ,
[  0.00001186+ -0.00000041j, -0.00002518+ -0.00000000j,  0.00001038+  0.00000007j,  0.00001216+ -0.00000032j,  0.00003724+ -0.00000001j,  0.00000016+  0.00000002j,  0.00000675+  0.00000146j,  0.00002605+ -0.00000001j, -0.00006233+ -0.00000032j,  0.00001404+  0.00000107j, -0.00007137+  0.00000000j,  0.00004050+  0.00000035j] ,
[  0.00000094+ -0.00000003j,  0.00001037+ -0.00000007j,  0.00003227+ -0.00000003j, -0.00002259+  0.00000132j,  0.00001470+ -0.00000007j, -0.00011686+  0.00000008j, -0.00000516+  0.00000021j, -0.00003576+ -0.00000010j, -0.00002786+  0.00000048j, -0.00002066+  0.00000079j, -0.00004311+ -0.00000011j,  0.00016662+  0.00000056j] ,
[ -0.00002086+  0.00000007j, -0.00000641+ -0.00000009j, -0.00000610+ -0.00000049j, -0.00002634+  0.00000001j,  0.00001184+  0.00000041j, -0.00000091+ -0.00000003j,  0.00002480+  0.00000217j,  0.00000611+  0.00000007j, -0.00002662+ -0.00000110j,  0.00001201+  0.00000076j, -0.00000643+ -0.00000000j, -0.00000536+ -0.00000015j] ,
[  0.00002339+ -0.00000042j,  0.00001115+  0.00000002j,  0.00000081+ -0.00000048j,  0.00001184+ -0.00000041j, -0.00002518+ -0.00000000j, -0.00001037+ -0.00000007j, -0.00002907+ -0.00000230j, -0.00002805+  0.00000002j,  0.00004227+  0.00000050j, -0.00002697+ -0.00000082j,  0.00002604+  0.00000003j,  0.00003591+ -0.00000015j] ,
[  0.00001368+  0.00000000j,  0.00000535+ -0.00000015j,  0.00001919+  0.00000009j, -0.00000097+ -0.00000003j, -0.00001038+  0.00000007j,  0.00003227+  0.00000003j, -0.00005921+ -0.00000329j, -0.00003002+ -0.00000000j,  0.00000683+  0.00000078j, -0.00004739+ -0.00000264j,  0.00006237+  0.00000002j, -0.00002752+ -0.00000034j] ,
[  0.00001197+ -0.00000100j, -0.00002705+  0.00000091j,  0.00004739+ -0.00000325j, -0.00000721+  0.00000040j, -0.00004272+  0.00000166j,  0.00006100+ -0.00000123j, -0.00002601+ -0.00000001j, -0.00001191+  0.00000095j, -0.00000125+  0.00000088j, -0.00004273+  0.00000087j, -0.00001012+  0.00000075j,  0.00000063+ -0.00000197j] ,
[ -0.00000644+  0.00000001j,  0.00002603+ -0.00000003j, -0.00006236+  0.00000001j, -0.00001367+  0.00000015j, -0.00007140+  0.00000000j,  0.00004061+  0.00000020j, -0.00001192+ -0.00000093j, -0.00002519+ -0.00000000j,  0.00001030+  0.00000016j, -0.00001221+ -0.00000045j,  0.00003724+ -0.00000000j,  0.00000024+ -0.00000016j] ,
[  0.00000537+ -0.00000014j, -0.00003587+ -0.00000020j, -0.00002754+  0.00000043j,  0.00002141+ -0.00000165j, -0.00004327+ -0.00000048j,  0.00016696+  0.00000009j, -0.00000132+ -0.00000085j,  0.00001030+ -0.00000016j,  0.00003226+  0.00000001j,  0.00002172+ -0.00000071j,  0.00001462+ -0.00000018j, -0.00011701+  0.00000025j] ,
[  0.00002464+ -0.00000247j, -0.00000621+  0.00000059j,  0.00002672+ -0.00000111j,  0.00001229+ -0.00000147j,  0.00000692+ -0.00000094j,  0.00000516+  0.00000011j, -0.00002096+ -0.00000260j,  0.00000644+ -0.00000020j,  0.00000610+ -0.00000051j, -0.00002665+ -0.00000001j, -0.00001186+  0.00000070j,  0.00000143+ -0.00000058j] ,
[  0.00002888+ -0.00000085j, -0.00002804+  0.00000004j,  0.00004249+  0.00000003j,  0.00002727+ -0.00000088j,  0.00002605+  0.00000001j,  0.00003575+ -0.00000010j, -0.00002322+ -0.00000104j,  0.00001114+  0.00000001j,  0.00000067+  0.00000053j, -0.00001187+ -0.00000068j, -0.00002520+  0.00000000j, -0.00001032+ -0.00000012j] ,
[  0.00005909+ -0.00000218j, -0.00002996+  0.00000025j,  0.00000699+ -0.00000017j,  0.00004718+ -0.00000167j,  0.00006233+ -0.00000026j, -0.00002787+ -0.00000043j, -0.00001360+ -0.00000150j,  0.00000531+ -0.00000009j,  0.00001910+  0.00000023j,  0.00000133+  0.00000063j, -0.00001031+  0.00000013j,  0.00003227+  0.00000001j] ]

Hopping[( -2, -2,  2)]=[
[ -0.00000609+ -0.00000000j, -0.00000432+ -0.00000009j, -0.00001043+ -0.00000042j, -0.00001043+  0.00000002j, -0.00000320+ -0.00000005j,  0.00000304+  0.00000024j,  0.00000577+  0.00000065j,  0.00000106+  0.00000012j, -0.00000067+ -0.00000011j,  0.00000437+  0.00000017j,  0.00000516+  0.00000016j, -0.00001377+ -0.00000047j] ,
[ -0.00000432+  0.00000009j,  0.00000236+ -0.00000000j,  0.00000252+ -0.00000002j,  0.00001168+ -0.00000024j,  0.00000558+  0.00000001j, -0.00000040+  0.00000025j, -0.00000110+  0.00000038j, -0.00000382+ -0.00000000j, -0.00000550+ -0.00000008j,  0.00000034+ -0.00000001j,  0.00000028+  0.00000001j,  0.00000218+  0.00000000j] ,
[ -0.00001043+  0.00000042j,  0.00000252+  0.00000002j, -0.00001257+ -0.00000000j, -0.00000683+  0.00000001j, -0.00000267+  0.00000008j,  0.00000959+  0.00000004j,  0.00000072+  0.00000013j, -0.00000550+ -0.00000003j,  0.00000181+  0.00000067j,  0.00000894+  0.00000033j,  0.00000335+ -0.00000003j, -0.00001317+  0.00000014j] ,
[ -0.00001043+ -0.00000002j,  0.00001168+  0.00000024j, -0.00000683+ -0.00000001j, -0.00000614+ -0.00000000j, -0.00000436+ -0.00000009j,  0.00001045+  0.00000040j,  0.00000468+  0.00000050j, -0.00000028+  0.00000005j, -0.00000907+ -0.00000036j,  0.00000586+  0.00000038j,  0.00000107+  0.00000012j,  0.00000063+  0.00000008j] ,
[ -0.00000320+  0.00000005j,  0.00000558+ -0.00000001j, -0.00000267+ -0.00000008j, -0.00000436+  0.00000009j,  0.00000237+  0.00000000j, -0.00000252+  0.00000002j, -0.00000510+ -0.00000037j,  0.00000028+ -0.00000001j,  0.00000329+  0.00000007j, -0.00000104+ -0.00000007j, -0.00000382+  0.00000000j,  0.00000550+  0.00000001j] ,
[  0.00000304+ -0.00000024j, -0.00000040+ -0.00000025j,  0.00000959+ -0.00000004j,  0.00001045+ -0.00000040j, -0.00000252+ -0.00000002j, -0.00001258+  0.00000000j,  0.00001387+  0.00000086j,  0.00000220+ -0.00000011j, -0.00001300+ -0.00000019j, -0.00000073+  0.00000001j,  0.00000550+  0.00000003j,  0.00000183+  0.00000063j] ,
[  0.00000577+ -0.00000065j, -0.00000110+ -0.00000038j,  0.00000072+ -0.00000013j,  0.00000468+ -0.00000050j, -0.00000510+  0.00000037j,  0.00001387+ -0.00000086j, -0.00000610+ -0.00000000j,  0.00000431+  0.00000007j,  0.00001053+ -0.00000013j, -0.00001046+  0.00000143j,  0.00000321+ -0.00000050j, -0.00000308+  0.00000049j] ,
[  0.00000106+ -0.00000012j, -0.00000382+  0.00000000j, -0.00000550+  0.00000003j, -0.00000028+ -0.00000005j,  0.00000028+  0.00000001j,  0.00000220+  0.00000011j,  0.00000431+ -0.00000007j,  0.00000237+ -0.00000000j,  0.00000254+ -0.00000002j, -0.00001169+ -0.00000041j,  0.00000557+  0.00000002j, -0.00000032+ -0.00000019j] ,
[ -0.00000067+  0.00000011j, -0.00000550+  0.00000008j,  0.00000181+ -0.00000067j, -0.00000907+  0.00000036j,  0.00000329+ -0.00000007j, -0.00001300+  0.00000019j,  0.00001053+  0.00000013j,  0.00000254+  0.00000002j, -0.00001239+ -0.00000000j,  0.00000682+  0.00000004j, -0.00000267+  0.00000008j,  0.00000954+  0.00000003j] ,
[  0.00000437+ -0.00000017j,  0.00000034+  0.00000001j,  0.00000894+ -0.00000033j,  0.00000586+ -0.00000038j, -0.00000104+  0.00000007j, -0.00000073+ -0.00000001j, -0.00001046+ -0.00000143j, -0.00001169+  0.00000041j,  0.00000682+ -0.00000004j, -0.00000653+  0.00000000j,  0.00000434+  0.00000000j, -0.00001042+  0.00000057j] ,
[  0.00000516+ -0.00000016j,  0.00000028+ -0.00000001j,  0.00000335+  0.00000003j,  0.00000107+ -0.00000012j, -0.00000382+ -0.00000000j,  0.00000550+ -0.00000003j,  0.00000321+  0.00000050j,  0.00000557+ -0.00000002j, -0.00000267+ -0.00000008j,  0.00000434+ -0.00000000j,  0.00000237+  0.00000000j, -0.00000255+ -0.00000001j] ,
[ -0.00001377+  0.00000047j,  0.00000218+ -0.00000000j, -0.00001317+ -0.00000014j,  0.00000063+ -0.00000008j,  0.00000550+ -0.00000001j,  0.00000183+ -0.00000063j, -0.00000308+ -0.00000049j, -0.00000032+  0.00000019j,  0.00000954+ -0.00000003j, -0.00001042+ -0.00000057j, -0.00000255+  0.00000001j, -0.00001237+  0.00000000j] ]

Hopping[( -2, -1, -2)]=[
[  0.00016945+ -0.00000008j,  0.00001393+  0.00000028j,  0.00012237+  0.00000443j,  0.00012229+ -0.00000072j,  0.00002357+  0.00000081j,  0.00003078+  0.00000060j, -0.00000800+  0.00000118j, -0.00000834+ -0.00000009j, -0.00017508+ -0.00000579j, -0.00018167+ -0.00001257j, -0.00010839+ -0.00000357j,  0.00013224+  0.00000266j] ,
[  0.00001402+ -0.00000057j,  0.00001063+ -0.00000000j, -0.00001907+  0.00000001j, -0.00005738+  0.00000192j,  0.00006106+ -0.00000003j, -0.00005316+  0.00000026j,  0.00000854+  0.00000184j,  0.00022979+  0.00000002j, -0.00005252+ -0.00000022j, -0.00026553+ -0.00000923j, -0.00029095+  0.00000013j,  0.00025123+ -0.00000193j] ,
[  0.00012240+ -0.00000460j, -0.00001910+ -0.00000015j,  0.00002633+ -0.00000032j,  0.00016086+ -0.00000536j, -0.00001694+ -0.00000003j, -0.00000464+ -0.00000071j,  0.00017516+  0.00001021j, -0.00005251+  0.00000002j,  0.00004685+ -0.00000127j,  0.00006240+  0.00000275j,  0.00007666+  0.00000029j, -0.00006407+ -0.00000019j] ,
[  0.00010980+ -0.00000004j, -0.00005510+ -0.00000104j,  0.00008324+  0.00000270j,  0.00016945+ -0.00000005j,  0.00001389+  0.00000034j, -0.00012231+ -0.00000450j, -0.00018235+ -0.00001609j,  0.00026743+  0.00000933j, -0.00006431+ -0.00000029j, -0.00000779+  0.00000070j, -0.00000835+ -0.00000009j,  0.00017514+  0.00000585j] ,
[  0.00003832+ -0.00000101j,  0.00000202+  0.00000003j,  0.00004621+  0.00000012j,  0.00001401+ -0.00000042j,  0.00001063+ -0.00000001j,  0.00001906+ -0.00000007j,  0.00010770+  0.00000494j, -0.00029082+ -0.00000013j,  0.00007736+ -0.00000105j,  0.00000864+  0.00000146j,  0.00022979+  0.00000001j,  0.00005251+  0.00000018j] ,
[ -0.00008983+  0.00000295j,  0.00014966+ -0.00000033j, -0.00007943+ -0.00000000j, -0.00012240+  0.00000449j,  0.00001912+  0.00000009j,  0.00002630+ -0.00000023j, -0.00013055+ -0.00000754j,  0.00024935+  0.00000102j, -0.00006435+  0.00000136j, -0.00017506+ -0.00000820j,  0.00005252+  0.00000000j,  0.00004700+ -0.00000086j] ,
[  0.00001165+ -0.00000124j, -0.00000213+ -0.00000072j,  0.00000157+ -0.00000016j,  0.00002466+ -0.00000273j, -0.00000630+  0.00000080j, -0.00002658+  0.00000156j,  0.00017091+  0.00000018j, -0.00001379+  0.00000036j, -0.00012171+  0.00000457j,  0.00011078+ -0.00000118j, -0.00003862+  0.00000287j,  0.00008943+ -0.00000448j] ,
[  0.00000216+ -0.00000025j, -0.00000764+  0.00000001j, -0.00001095+  0.00000005j,  0.00002887+ -0.00000083j, -0.00002804+  0.00000003j, -0.00004248+ -0.00000003j, -0.00001389+ -0.00000073j,  0.00001062+  0.00000001j, -0.00001924+  0.00000015j,  0.00005614+  0.00000421j,  0.00000202+ -0.00000002j,  0.00014927+  0.00000108j] ,
[ -0.00000123+  0.00000028j, -0.00001108+  0.00000016j,  0.00000364+ -0.00000133j, -0.00005913+  0.00000234j,  0.00002997+ -0.00000024j,  0.00000708+ -0.00000028j, -0.00012158+ -0.00000410j, -0.00001923+ -0.00000019j,  0.00002501+  0.00000021j, -0.00008286+ -0.00000314j,  0.00004594+ -0.00000060j, -0.00007822+  0.00000024j] ,
[  0.00002476+ -0.00000187j, -0.00002909+  0.00000193j,  0.00005944+ -0.00000269j,  0.00001164+ -0.00000083j, -0.00000207+  0.00000012j, -0.00000142+  0.00000003j,  0.00012317+  0.00000352j,  0.00005700+ -0.00000206j, -0.00016028+  0.00000561j,  0.00017114+  0.00000008j, -0.00001378+  0.00000045j,  0.00012169+ -0.00000363j] ,
[  0.00000602+ -0.00000012j, -0.00002805+ -0.00000003j,  0.00003001+ -0.00000002j,  0.00000215+ -0.00000025j, -0.00000764+ -0.00000000j,  0.00001095+ -0.00000003j, -0.00002331+ -0.00000123j,  0.00006107+  0.00000003j, -0.00001711+  0.00000016j, -0.00001396+ -0.00000056j,  0.00001063+  0.00000001j,  0.00001925+ -0.00000010j] ,
[  0.00002654+ -0.00000103j, -0.00004229+  0.00000044j,  0.00000676+ -0.00000071j,  0.00000125+ -0.00000019j,  0.00001105+ -0.00000005j,  0.00000363+ -0.00000128j, -0.00003145+ -0.00000283j, -0.00005353+ -0.00000043j, -0.00000379+  0.00000208j,  0.00012136+  0.00000343j,  0.00001923+  0.00000013j,  0.00002476+  0.00000019j] ]

Hopping[( -2, -1, -1)]=[
[  0.00051784+  0.00000002j, -0.00014116+ -0.00000384j,  0.00027573+  0.00000999j,  0.00024460+  0.00000147j, -0.00011477+ -0.00000378j, -0.00032185+ -0.00001082j, -0.00021412+ -0.00001953j, -0.00004082+ -0.00000039j, -0.00005771+ -0.00000152j, -0.00013600+ -0.00001078j,  0.00002482+  0.00000126j,  0.00002647+  0.00000007j] ,
[ -0.00014121+  0.00000368j, -0.00020601+ -0.00000000j, -0.00010061+ -0.00000070j,  0.00004706+ -0.00000151j,  0.00012211+  0.00000005j,  0.00003384+ -0.00000009j, -0.00017584+ -0.00000514j,  0.00020005+  0.00000009j, -0.00037454+  0.00000093j,  0.00036133+  0.00001351j, -0.00054665+ -0.00000010j, -0.00030868+  0.00000263j] ,
[  0.00027576+ -0.00001000j, -0.00010066+  0.00000061j,  0.00008230+ -0.00000000j, -0.00006155+  0.00000114j,  0.00010631+  0.00000050j, -0.00000947+  0.00000132j,  0.00036384+  0.00001315j, -0.00023016+  0.00000005j,  0.00063439+ -0.00000247j,  0.00005302+  0.00000325j, -0.00001285+  0.00000004j, -0.00003648+  0.00000076j] ,
[  0.00022347+ -0.00000157j, -0.00000662+  0.00000223j, -0.00003691+ -0.00000634j, -0.00009755+ -0.00000004j, -0.00005888+ -0.00000305j, -0.00024970+ -0.00000683j, -0.00002235+  0.00000867j,  0.00017415+ -0.00000145j, -0.00013254+ -0.00000984j, -0.00021238+ -0.00001254j,  0.00017784+  0.00000677j,  0.00036879+  0.00001266j] ,
[  0.00006800+ -0.00000088j, -0.00030564+  0.00000007j,  0.00042404+ -0.00000002j, -0.00005899+  0.00000300j,  0.00006152+ -0.00000001j, -0.00029427+  0.00000032j,  0.00035612+  0.00000908j,  0.00032337+ -0.00000034j,  0.00095951+ -0.00000160j,  0.00004231+  0.00000426j,  0.00020016+ -0.00000008j,  0.00023003+  0.00000105j] ,
[ -0.00039149+  0.00000714j,  0.00064027+ -0.00000017j, -0.00167504+ -0.00000151j, -0.00024967+  0.00000687j, -0.00029427+ -0.00000030j,  0.00006044+ -0.00000003j,  0.00248195+  0.00016198j, -0.00136067+  0.00000026j, -0.00157663+ -0.00003716j, -0.00005248+  0.00000335j,  0.00037348+  0.00000062j,  0.00063251+  0.00000321j] ,
[  0.00002387+ -0.00000169j, -0.00005418+  0.00000177j,  0.00009467+ -0.00000602j,  0.00001766+ -0.00000069j,  0.00000122+  0.00000034j, -0.00003564+  0.00000194j, -0.00009455+  0.00000013j,  0.00005735+  0.00000043j, -0.00025033+  0.00001539j,  0.00022127+ -0.00000265j,  0.00011160+ -0.00001010j,  0.00016590+ -0.00000852j] ,
[ -0.00001286+ -0.00000005j,  0.00005209+ -0.00000005j, -0.00012468+ -0.00000002j,  0.00002041+ -0.00000080j,  0.00000111+ -0.00000003j, -0.00001333+ -0.00000007j,  0.00005726+ -0.00000054j,  0.00006158+  0.00000000j,  0.00029448+  0.00000019j, -0.00007672+ -0.00000471j,  0.00000405+  0.00000003j, -0.00009184+ -0.00000109j] ,
[  0.00001090+  0.00000005j, -0.00007186+ -0.00000040j, -0.00005524+  0.00000105j,  0.00005526+ -0.00000161j, -0.00000881+  0.00000002j, -0.00005253+ -0.00000080j, -0.00025037+ -0.00001544j,  0.00029455+ -0.00000017j,  0.00005740+  0.00000001j, -0.00017905+ -0.00000672j, -0.00029883+  0.00000262j, -0.00015649+  0.00000033j] ,
[  0.00007489+ -0.00000627j, -0.00010729+  0.00000574j,  0.00008010+ -0.00000735j,  0.00002447+ -0.00000284j,  0.00001348+ -0.00000197j,  0.00001024+ -0.00000002j, -0.00068328+ -0.00001719j, -0.00025953+  0.00000696j,  0.00005075+  0.00000288j,  0.00052145+ -0.00000005j,  0.00014211+ -0.00000800j,  0.00027265+ -0.00000707j] ,
[  0.00001026+ -0.00000020j, -0.00018033+ -0.00000001j,  0.00001028+  0.00000009j,  0.00005452+ -0.00000183j,  0.00005209+  0.00000003j,  0.00007143+ -0.00000019j, -0.00056196+ -0.00003020j, -0.00031944+  0.00000006j, -0.00016801+  0.00000671j,  0.00014172+  0.00000784j, -0.00020593+  0.00000001j,  0.00009974+  0.00000193j] ,
[  0.00007130+ -0.00000179j, -0.00011235+  0.00000164j,  0.00042864+ -0.00000220j,  0.00009426+ -0.00000359j,  0.00012469+ -0.00000054j, -0.00005587+ -0.00000071j,  0.00078855+  0.00004475j,  0.00053284+  0.00000073j,  0.00034872+ -0.00001066j,  0.00027283+  0.00000708j,  0.00009970+ -0.00000190j,  0.00007856+ -0.00000003j] ]

Hopping[( -2, -1,  0)]=[
[ -0.00001175+ -0.00000005j, -0.00001876+ -0.00000123j,  0.00035762+  0.00001148j, -0.00068964+ -0.00000343j,  0.00026248+  0.00000990j,  0.00005231+  0.00000281j, -0.00092198+ -0.00008042j,  0.00044282+  0.00001302j, -0.00005283+  0.00000628j, -0.00054122+ -0.00006842j, -0.00155429+ -0.00004349j, -0.00228954+ -0.00008673j] ,
[ -0.00001860+  0.00000137j, -0.00000054+ -0.00000000j,  0.00017313+ -0.00000023j,  0.00056341+ -0.00001772j, -0.00031913+  0.00000012j,  0.00016478+ -0.00000199j, -0.00044340+ -0.00002664j,  0.00010788+ -0.00000006j,  0.00012440+  0.00000520j,  0.00088661+  0.00003130j, -0.00174340+  0.00000030j, -0.00102131+  0.00000603j] ,
[  0.00035765+ -0.00001158j,  0.00017315+  0.00000024j, -0.00013166+ -0.00000004j,  0.00078743+ -0.00002308j, -0.00053077+ -0.00000078j,  0.00034447+ -0.00000309j,  0.00004154+ -0.00000658j,  0.00012685+ -0.00000091j,  0.00095862+  0.00000299j,  0.00072898+  0.00004593j, -0.00101084+  0.00000576j,  0.00091298+  0.00002010j] ,
[  0.00022359+  0.00000140j,  0.00006812+  0.00000070j,  0.00039130+  0.00000722j, -0.00001172+ -0.00000003j, -0.00001876+ -0.00000128j, -0.00035763+ -0.00001151j, -0.00052426+ -0.00002761j, -0.00089334+ -0.00002990j, -0.00072685+ -0.00001336j, -0.00092241+ -0.00007019j,  0.00044286+  0.00001305j,  0.00005362+ -0.00000388j] ,
[ -0.00000667+ -0.00000227j, -0.00030566+ -0.00000008j, -0.00064025+ -0.00000014j, -0.00001858+  0.00000139j, -0.00000054+ -0.00000000j, -0.00017313+  0.00000023j,  0.00155773+  0.00010188j, -0.00174307+ -0.00000007j, -0.00100135+ -0.00002308j, -0.00044362+ -0.00002144j,  0.00010790+ -0.00000004j, -0.00012388+ -0.00000417j] ,
[  0.00003699+ -0.00000648j, -0.00042410+  0.00000010j, -0.00167504+  0.00000140j, -0.00035764+  0.00001155j, -0.00017314+ -0.00000024j, -0.00013168+ -0.00000001j,  0.00228655+  0.00011682j, -0.00101431+ -0.00000373j,  0.00093251+ -0.00002971j, -0.00004072+  0.00000459j, -0.00012681+  0.00000092j,  0.00095873+  0.00000307j] ,
[  0.00003327+ -0.00000367j, -0.00004241+  0.00000122j,  0.00007217+ -0.00000401j, -0.00001503+  0.00000291j,  0.00002808+ -0.00000306j,  0.00004121+  0.00000157j, -0.00000752+  0.00000019j,  0.00001784+  0.00000125j, -0.00035657+  0.00001700j,  0.00022496+ -0.00000702j,  0.00000993+ -0.00000870j, -0.00002934+ -0.00001739j] ,
[  0.00004263+ -0.00000181j,  0.00008838+ -0.00000000j, -0.00008390+  0.00000006j,  0.00008590+ -0.00000291j, -0.00014273+  0.00000007j,  0.00008627+ -0.00000027j,  0.00001752+ -0.00000119j, -0.00000049+  0.00000001j,  0.00017321+  0.00000022j, -0.00007040+ -0.00000744j, -0.00030570+  0.00000003j, -0.00042373+ -0.00000220j] ,
[ -0.00007214+  0.00000260j, -0.00008419+ -0.00000026j, -0.00000433+  0.00000042j,  0.00012375+ -0.00000550j, -0.00008103+  0.00000058j,  0.00033339+ -0.00000116j, -0.00035665+ -0.00001705j,  0.00017315+ -0.00000014j, -0.00013586+ -0.00000006j, -0.00039979+ -0.00003135j, -0.00064025+  0.00000225j, -0.00167237+ -0.00000446j] ,
[ -0.00001454+  0.00000107j, -0.00008481+  0.00000324j, -0.00012153+  0.00000169j,  0.00003335+ -0.00000302j, -0.00004248+  0.00000116j, -0.00007208+  0.00000309j, -0.00068441+  0.00000231j, -0.00056226+  0.00002429j, -0.00078862+  0.00003939j, -0.00000698+  0.00000004j,  0.00001772+  0.00000094j,  0.00035658+ -0.00001353j] ,
[ -0.00002751+  0.00000050j, -0.00014275+ -0.00000006j, -0.00008123+ -0.00000017j,  0.00004259+ -0.00000177j,  0.00008838+  0.00000001j,  0.00008391+ -0.00000010j, -0.00025932+ -0.00000852j, -0.00031941+ -0.00000010j, -0.00053253+  0.00000133j,  0.00001728+ -0.00000093j, -0.00000050+  0.00000001j, -0.00017323+ -0.00000023j] ,
[ -0.00004322+  0.00000225j,  0.00008685+  0.00000051j,  0.00033404+ -0.00000044j,  0.00007213+ -0.00000254j,  0.00008423+  0.00000015j, -0.00000426+  0.00000028j, -0.00005005+ -0.00000036j,  0.00016871+  0.00000519j,  0.00034956+  0.00000866j,  0.00035665+  0.00001351j, -0.00017317+  0.00000015j, -0.00013657+ -0.00000006j] ]

Hopping[( -2, -1,  1)]=[
[ -0.00009756+ -0.00000004j, -0.00005886+ -0.00000307j,  0.00024972+  0.00000683j, -0.00068971+  0.00000314j,  0.00056340+  0.00001764j, -0.00078708+ -0.00002328j, -0.00021277+ -0.00001391j,  0.00017787+  0.00000679j, -0.00036860+ -0.00001212j, -0.00003715+ -0.00002809j, -0.00036154+ -0.00001419j, -0.00247574+ -0.00007796j] ,
[ -0.00005901+  0.00000298j,  0.00006152+ -0.00000000j,  0.00029427+ -0.00000033j,  0.00026266+ -0.00000990j, -0.00031912+ -0.00000013j,  0.00053072+ -0.00000079j,  0.00004192+  0.00000539j,  0.00020016+ -0.00000007j, -0.00023007+ -0.00000118j, -0.00018265+ -0.00002375j,  0.00032317+  0.00000024j, -0.00136009+ -0.00000568j] ,
[  0.00024966+ -0.00000685j,  0.00029428+  0.00000027j,  0.00006047+ -0.00000001j, -0.00005252+  0.00000262j, -0.00016464+ -0.00000207j,  0.00034434+  0.00000316j,  0.00005322+ -0.00000461j, -0.00037345+ -0.00000058j,  0.00063242+  0.00000306j,  0.00012228+ -0.00001004j,  0.00095741+  0.00000157j, -0.00159253+  0.00000506j] ,
[  0.00021974+  0.00000007j,  0.00007679+  0.00000214j,  0.00017973+  0.00000586j,  0.00051786+  0.00000003j, -0.00014114+ -0.00000381j, -0.00027573+ -0.00001000j, -0.00013590+ -0.00001113j, -0.00036363+ -0.00001211j, -0.00005391+ -0.00000010j, -0.00021408+ -0.00001730j, -0.00004083+ -0.00000037j,  0.00005788+  0.00000208j] ,
[ -0.00011034+  0.00000211j,  0.00000404+ -0.00000005j, -0.00029942+ -0.00000075j, -0.00014124+  0.00000375j, -0.00020601+ -0.00000000j,  0.00010061+  0.00000066j, -0.00002432+ -0.00000039j, -0.00054680+  0.00000011j, -0.00001296+  0.00000022j, -0.00017536+ -0.00000426j,  0.00020006+  0.00000010j,  0.00037472+ -0.00000052j] ,
[ -0.00016659+  0.00000537j, -0.00009240+  0.00000023j, -0.00015878+ -0.00000010j, -0.00027574+  0.00000997j,  0.00010065+ -0.00000064j,  0.00008228+  0.00000002j, -0.00002440+ -0.00000117j, -0.00030611+ -0.00000130j, -0.00003642+ -0.00000020j, -0.00036333+ -0.00001095j,  0.00023020+ -0.00000001j,  0.00063470+ -0.00000152j] ,
[  0.00002436+ -0.00000345j,  0.00001335+ -0.00000299j, -0.00001041+  0.00000004j,  0.00007460+ -0.00000682j, -0.00000993+  0.00000094j, -0.00007395+  0.00000970j,  0.00052101+ -0.00000002j,  0.00014186+ -0.00000971j, -0.00027311+  0.00000901j,  0.00022543+  0.00000267j, -0.00007002+  0.00000900j,  0.00039833+ -0.00004028j] ,
[  0.00005455+ -0.00000184j,  0.00005209+  0.00000002j, -0.00007141+  0.00000018j,  0.00010685+ -0.00000294j, -0.00018033+  0.00000002j, -0.00011310+ -0.00000047j,  0.00014168+  0.00000947j, -0.00020590+  0.00000001j, -0.00009988+ -0.00000225j,  0.00001160+  0.00000648j, -0.00030567+  0.00000001j,  0.00064032+  0.00000230j] ,
[ -0.00009428+  0.00000371j, -0.00012471+  0.00000063j, -0.00005588+ -0.00000072j, -0.00007660+  0.00000249j,  0.00001018+ -0.00000011j,  0.00042876+ -0.00000239j, -0.00027320+ -0.00000905j, -0.00009982+  0.00000223j,  0.00007909+ -0.00000003j,  0.00002729+ -0.00001286j,  0.00042355+ -0.00000231j, -0.00167282+  0.00000516j] ,
[  0.00001848+ -0.00000165j, -0.00002052+  0.00000126j, -0.00005531+  0.00000343j,  0.00002384+ -0.00000138j, -0.00005416+  0.00000161j, -0.00009487+  0.00000502j,  0.00024677+ -0.00000184j, -0.00004696+  0.00000200j,  0.00006261+ -0.00000538j, -0.00009422+  0.00000006j,  0.00005717+  0.00000027j,  0.00025052+ -0.00001216j] ,
[ -0.00000114+ -0.00000010j,  0.00000110+  0.00000004j, -0.00000889+ -0.00000049j, -0.00001287+ -0.00000005j,  0.00005210+ -0.00000006j,  0.00012469+ -0.00000001j,  0.00011402+  0.00000528j,  0.00012215+ -0.00000006j,  0.00010713+ -0.00000113j,  0.00005684+ -0.00000035j,  0.00006156+  0.00000000j, -0.00029456+ -0.00000031j] ,
[  0.00003616+ -0.00000157j, -0.00001328+  0.00000032j, -0.00005196+  0.00000070j, -0.00001093+  0.00000006j,  0.00007189+  0.00000027j, -0.00005514+  0.00000081j,  0.00031950+  0.00001492j,  0.00003433+  0.00000028j, -0.00000776+ -0.00000468j,  0.00025066+  0.00001220j, -0.00029462+  0.00000030j,  0.00005697+ -0.00000001j] ]

Hopping[( -2, -1,  2)]=[
[  0.00016945+ -0.00000008j,  0.00001393+  0.00000028j,  0.00012237+  0.00000443j,  0.00012229+ -0.00000072j,  0.00002357+  0.00000081j,  0.00003078+  0.00000060j, -0.00000800+  0.00000118j, -0.00000834+ -0.00000009j, -0.00017508+ -0.00000579j, -0.00018167+ -0.00001257j, -0.00010839+ -0.00000357j,  0.00013224+  0.00000266j] ,
[  0.00001402+ -0.00000057j,  0.00001063+ -0.00000000j, -0.00001907+  0.00000001j, -0.00005738+  0.00000192j,  0.00006106+ -0.00000003j, -0.00005316+  0.00000026j,  0.00000854+  0.00000184j,  0.00022979+  0.00000002j, -0.00005252+ -0.00000022j, -0.00026553+ -0.00000923j, -0.00029095+  0.00000013j,  0.00025123+ -0.00000193j] ,
[  0.00012240+ -0.00000460j, -0.00001910+ -0.00000015j,  0.00002633+ -0.00000032j,  0.00016086+ -0.00000536j, -0.00001694+ -0.00000003j, -0.00000464+ -0.00000071j,  0.00017516+  0.00001021j, -0.00005251+  0.00000002j,  0.00004685+ -0.00000127j,  0.00006240+  0.00000275j,  0.00007666+  0.00000029j, -0.00006407+ -0.00000019j] ,
[  0.00010980+ -0.00000004j, -0.00005510+ -0.00000104j,  0.00008324+  0.00000270j,  0.00016945+ -0.00000005j,  0.00001389+  0.00000034j, -0.00012231+ -0.00000450j, -0.00018235+ -0.00001609j,  0.00026743+  0.00000933j, -0.00006431+ -0.00000029j, -0.00000779+  0.00000070j, -0.00000835+ -0.00000009j,  0.00017514+  0.00000585j] ,
[  0.00003832+ -0.00000101j,  0.00000202+  0.00000003j,  0.00004621+  0.00000012j,  0.00001401+ -0.00000042j,  0.00001063+ -0.00000001j,  0.00001906+ -0.00000007j,  0.00010770+  0.00000494j, -0.00029082+ -0.00000013j,  0.00007736+ -0.00000105j,  0.00000864+  0.00000146j,  0.00022979+  0.00000001j,  0.00005251+  0.00000018j] ,
[ -0.00008983+  0.00000295j,  0.00014966+ -0.00000033j, -0.00007943+ -0.00000000j, -0.00012240+  0.00000449j,  0.00001912+  0.00000009j,  0.00002630+ -0.00000023j, -0.00013055+ -0.00000754j,  0.00024935+  0.00000102j, -0.00006435+  0.00000136j, -0.00017506+ -0.00000820j,  0.00005252+  0.00000000j,  0.00004700+ -0.00000086j] ,
[  0.00001165+ -0.00000124j, -0.00000213+ -0.00000072j,  0.00000157+ -0.00000016j,  0.00002466+ -0.00000273j, -0.00000630+  0.00000080j, -0.00002658+  0.00000156j,  0.00017091+  0.00000018j, -0.00001379+  0.00000036j, -0.00012171+  0.00000457j,  0.00011078+ -0.00000118j, -0.00003862+  0.00000287j,  0.00008943+ -0.00000448j] ,
[  0.00000216+ -0.00000025j, -0.00000764+  0.00000001j, -0.00001095+  0.00000005j,  0.00002887+ -0.00000083j, -0.00002804+  0.00000003j, -0.00004248+ -0.00000003j, -0.00001389+ -0.00000073j,  0.00001062+  0.00000001j, -0.00001924+  0.00000015j,  0.00005614+  0.00000421j,  0.00000202+ -0.00000002j,  0.00014927+  0.00000108j] ,
[ -0.00000123+  0.00000028j, -0.00001108+  0.00000016j,  0.00000364+ -0.00000133j, -0.00005913+  0.00000234j,  0.00002997+ -0.00000024j,  0.00000708+ -0.00000028j, -0.00012158+ -0.00000410j, -0.00001923+ -0.00000019j,  0.00002501+  0.00000021j, -0.00008286+ -0.00000314j,  0.00004594+ -0.00000060j, -0.00007822+  0.00000024j] ,
[  0.00002476+ -0.00000187j, -0.00002909+  0.00000193j,  0.00005944+ -0.00000269j,  0.00001164+ -0.00000083j, -0.00000207+  0.00000012j, -0.00000142+  0.00000003j,  0.00012317+  0.00000352j,  0.00005700+ -0.00000206j, -0.00016028+  0.00000561j,  0.00017114+  0.00000008j, -0.00001378+  0.00000045j,  0.00012169+ -0.00000363j] ,
[  0.00000602+ -0.00000012j, -0.00002805+ -0.00000003j,  0.00003001+ -0.00000002j,  0.00000215+ -0.00000025j, -0.00000764+ -0.00000000j,  0.00001095+ -0.00000003j, -0.00002331+ -0.00000123j,  0.00006107+  0.00000003j, -0.00001711+  0.00000016j, -0.00001396+ -0.00000056j,  0.00001063+  0.00000001j,  0.00001925+ -0.00000010j] ,
[  0.00002654+ -0.00000103j, -0.00004229+  0.00000044j,  0.00000676+ -0.00000071j,  0.00000125+ -0.00000019j,  0.00001105+ -0.00000005j,  0.00000363+ -0.00000128j, -0.00003145+ -0.00000283j, -0.00005353+ -0.00000043j, -0.00000379+  0.00000208j,  0.00012136+  0.00000343j,  0.00001923+  0.00000013j,  0.00002476+  0.00000019j] ]

Hopping[( -2,  0, -2)]=[
[ -0.00076624+ -0.00000000j, -0.00036885+ -0.00001096j,  0.00084716+  0.00002328j, -0.00083931+  0.00000263j,  0.00054997+  0.00001634j, -0.00108428+ -0.00002872j, -0.00000805+  0.00000099j, -0.00000843+ -0.00000014j, -0.00017540+ -0.00000605j, -0.00006814+ -0.00000519j, -0.00018165+ -0.00000596j,  0.00002701+  0.00000029j] ,
